set term eps
set output "traj_img.eps"
set xlabel "x1"
set ylabel "x2"
set zlabel "x4"
set xrange [-13:13]
set yrange [-19.5:19.5]
set zrange [-55:55]
splot '-' with line
1.632 8.73 54.85
1.61 8.703 54.84
1.587 8.677 54.84
1.565 8.65 54.84
1.542 8.623 54.83
1.52 8.597 54.83
1.497 8.57 54.83
1.475 8.543 54.82
1.453 8.517 54.82
1.43 8.49 54.81
1.408 8.463 54.81
1.385 8.436 54.8
1.363 8.409 54.8
1.34 8.383 54.79
1.318 8.356 54.79
1.295 8.329 54.78
1.273 8.302 54.78
1.25 8.275 54.77
1.228 8.248 54.77
1.205 8.221 54.76
1.183 8.194 54.76
1.16 8.167 54.75
1.138 8.14 54.74
1.116 8.113 54.74
1.093 8.086 54.73
1.071 8.059 54.72
1.048 8.032 54.71
1.026 8.005 54.71
1.003 7.978 54.7
0.9807 7.951 54.69
0.9582 7.924 54.68
0.9358 7.897 54.68
0.9133 7.87 54.67
0.8908 7.843 54.66
0.8684 7.815 54.65
0.8459 7.788 54.64
0.8234 7.761 54.63
0.801 7.734 54.63
0.7785 7.707 54.62
0.7561 7.679 54.61
0.7336 7.652 54.6
0.7112 7.625 54.59
0.6887 7.597 54.58
0.6662 7.57 54.57
0.6438 7.543 54.56
0.6213 7.515 54.55
0.5989 7.488 54.54
0.5765 7.461 54.53
0.554 7.433 54.52
0.5316 7.406 54.51
0.5091 7.378 54.49
0.4867 7.351 54.48
0.4643 7.324 54.47
0.4418 7.296 54.46
0.4194 7.269 54.45
0.397 7.241 54.44
0.3745 7.214 54.42
0.3521 7.186 54.41
0.3297 7.159 54.4
0.3073 7.131 54.39
0.2849 7.103 54.37
0.2624 7.076 54.36
0.24 7.048 54.35
0.2176 7.021 54.34
0.1952 6.993 54.32
0.1728 6.965 54.31
0.1504 6.938 54.29
0.128 6.91 54.28
0.1056 6.882 54.27
0.08325 6.855 54.25
0.06087 6.827 54.24
0.03849 6.799 54.22
0.01611 6.771 54.21
-0.006265 6.744 54.19
-0.02864 6.716 54.18
-0.051 6.688 54.16
-0.07337 6.66 54.15
-0.09572 6.632 54.13
-0.1181 6.604 54.12
-0.1404 6.577 54.1
-0.1628 6.549 54.09
-0.1851 6.521 54.07
-0.2075 6.493 54.05
-0.2298 6.465 54.04
-0.2521 6.437 54.02
-0.2745 6.409 54
-0.2968 6.381 53.99
-0.3191 6.353 53.97
-0.3414 6.325 53.95
-0.3637 6.297 53.94
-0.386 6.269 53.92
-0.4083 6.241 53.9
-0.4306 6.213 53.88
-0.4529 6.185 53.87
-0.4752 6.157 53.85
-0.4975 6.129 53.83
-0.5197 6.101 53.81
-0.542 6.073 53.79
-0.5643 6.045 53.77
-0.5865 6.016 53.75
-0.6088 5.988 53.74
-0.631 5.96 53.72
-0.6533 5.932 53.7
-0.6755 5.904 53.68
-0.6977 5.876 53.66
-0.72 5.847 53.64
-0.7422 5.819 53.62
-0.7644 5.791 53.6
-0.7866 5.763 53.58
-0.8088 5.734 53.56
-0.831 5.706 53.54
-0.8532 5.678 53.52
-0.8754 5.649 53.5
-0.8975 5.621 53.47
-0.9197 5.593 53.45
-0.9419 5.564 53.43
-0.964 5.536 53.41
-0.9862 5.508 53.39
-1.008 5.479 53.37
-1.03 5.451 53.35
-1.053 5.422 53.32
-1.075 5.394 53.3
-1.097 5.365 53.28
-1.119 5.337 53.26
-1.141 5.308 53.23
-1.163 5.28 53.21
-1.185 5.251 53.19
-1.207 5.223 53.16
-1.229 5.194 53.14
-1.251 5.166 53.12
-1.274 5.137 53.09
-1.296 5.109 53.07
-1.318 5.08 53.05
-1.34 5.052 53.02
-1.362 5.023 53
-1.384 4.994 52.97
-1.406 4.966 52.95
-1.428 4.937 52.92
-1.45 4.908 52.9
-1.472 4.88 52.88
-1.494 4.851 52.85
-1.516 4.822 52.83
-1.538 4.794 52.8
-1.56 4.765 52.77
-1.582 4.736 52.75
-1.604 4.707 52.72
-1.626 4.679 52.7
-1.647 4.65 52.67
-1.669 4.621 52.64
-1.691 4.592 52.62
-1.713 4.564 52.59
-1.735 4.535 52.56
-1.757 4.506 52.54
-1.779 4.477 52.51
-1.801 4.448 52.48
-1.823 4.419 52.46
-1.844 4.39 52.43
-1.866 4.362 52.4
-1.888 4.333 52.37
-1.91 4.304 52.35
-1.932 4.275 52.32
-1.954 4.246 52.29
-1.975 4.217 52.26
-1.997 4.188 52.23
-2.019 4.159 52.2
-2.041 4.13 52.18
-2.063 4.101 52.15
-2.084 4.072 52.12
-2.106 4.043 52.09
-2.128 4.014 52.06
-2.149 3.985 52.03
-2.171 3.956 52
-2.193 3.927 51.97
-2.215 3.898 51.94
-2.236 3.868 51.91
-2.258 3.839 51.88
-2.28 3.81 51.85
-2.301 3.781 51.82
-2.323 3.752 51.79
-2.345 3.723 51.76
-2.366 3.694 51.73
-2.388 3.665 51.7
-2.409 3.635 51.67
-2.431 3.606 51.64
-2.453 3.577 51.6
-2.474 3.548 51.57
-2.496 3.518 51.54
-2.517 3.489 51.51
-2.539 3.46 51.48
-2.56 3.431 51.44
-2.582 3.401 51.41
-2.603 3.372 51.38
-2.625 3.343 51.35
-2.646 3.314 51.32
-2.668 3.284 51.28
-2.689 3.255 51.25
-2.711 3.226 51.22
-2.732 3.196 51.18
-2.754 3.167 51.15
-2.775 3.137 51.12
-2.797 3.108 51.08
-2.818 3.079 51.05
-2.839 3.049 51.02
-2.861 3.02 50.98
-2.882 2.99 50.95
-2.903 2.961 50.91
-2.925 2.932 50.88
-2.946 2.902 50.84
-2.967 2.873 50.81
-2.989 2.843 50.77
-3.01 2.814 50.74
-3.031 2.784 50.7
-3.053 2.755 50.67
-3.074 2.725 50.63
-3.095 2.696 50.6
-3.116 2.666 50.56
-3.138 2.637 50.53
-3.159 2.607 50.49
-3.18 2.577 50.45
-3.201 2.548 50.42
-3.222 2.518 50.38
-3.244 2.489 50.35
-3.265 2.459 50.31
-3.286 2.429 50.27
-3.307 2.4 50.24
-3.328 2.37 50.2
-3.349 2.34 50.16
-3.37 2.311 50.12
-3.391 2.281 50.09
-3.412 2.251 50.05
-3.433 2.222 50.01
-3.455 2.192 49.97
-3.476 2.162 49.94
-3.497 2.133 49.9
-3.518 2.103 49.86
-3.539 2.073 49.82
-3.56 2.043 49.78
-3.581 2.014 49.75
-3.601 1.984 49.71
-3.622 1.954 49.67
-3.643 1.924 49.63
-3.664 1.895 49.59
-3.685 1.865 49.55
-3.706 1.835 49.51
-3.727 1.805 49.47
-3.748 1.775 49.43
-3.769 1.745 49.39
-3.789 1.716 49.35
-3.81 1.686 49.31
-3.831 1.656 49.27
-3.852 1.626 49.23
-3.873 1.596 49.19
-3.893 1.566 49.15
-3.914 1.536 49.11
-3.935 1.506 49.07
-3.956 1.477 49.03
-3.976 1.447 48.99
-3.997 1.417 48.95
-4.018 1.387 48.91
-4.038 1.357 48.86
-4.059 1.327 48.82
-4.08 1.297 48.78
-4.1 1.267 48.74
-4.121 1.237 48.7
-4.141 1.207 48.66
-4.162 1.177 48.61
-4.183 1.147 48.57
-4.203 1.117 48.53
-4.224 1.087 48.49
-4.244 1.057 48.44
-4.265 1.027 48.4
-4.285 0.9967 48.36
-4.306 0.9666 48.32
-4.326 0.9365 48.27
-4.347 0.9064 48.23
-4.367 0.8764 48.19
-4.387 0.8463 48.14
-4.408 0.8162 48.1
-4.428 0.7861 48.06
-4.449 0.7559 48.01
-4.469 0.7258 47.97
-4.489 0.6957 47.92
-4.51 0.6655 47.88
-4.53 0.6354 47.84
-4.55 0.6052 47.79
-4.57 0.5751 47.75
-4.591 0.5449 47.7
-4.611 0.5147 47.66
-4.631 0.4846 47.61
-4.651 0.4544 47.57
-4.672 0.4242 47.52
-4.692 0.394 47.48
-4.712 0.3637 47.43
-4.732 0.3335 47.39
-4.752 0.3033 47.34
-4.772 0.2731 47.29
-4.792 0.2428 47.25
-4.813 0.2126 47.2
-4.833 0.1823 47.16
-4.853 0.1521 47.11
-4.873 0.1218 47.06
-4.893 0.09152 47.02
-4.913 0.06124 46.97
-4.933 0.03095 46.92
-4.953 0.000654 46.88
-4.973 -0.02965 46.83
-4.993 -0.05996 46.78
-5.013 -0.09027 46.74
-5.032 -0.1206 46.69
-5.052 -0.1509 46.64
-5.072 -0.1813 46.59
-5.092 -0.2116 46.55
-5.112 -0.2419 46.5
-5.132 -0.2723 46.45
-5.152 -0.3027 46.4
-5.171 -0.333 46.35
-5.191 -0.3634 46.31
-5.211 -0.3938 46.26
-5.231 -0.4241 46.21
-5.25 -0.4545 46.16
-5.27 -0.4849 46.11
-5.29 -0.5153 46.06
-5.31 -0.5457 46.01
-5.329 -0.5761 45.97
-5.349 -0.6066 45.92
-5.368 -0.637 45.87
-5.388 -0.6674 45.82
-5.408 -0.6978 45.77
-5.427 -0.7283 45.72
-5.447 -0.7587 45.67
-5.466 -0.7892 45.62
-5.486 -0.8196 45.57
-5.505 -0.8501 45.52
-5.525 -0.8806 45.47
-5.544 -0.911 45.42
-5.564 -0.9415 45.37
-5.583 -0.972 45.32
-5.603 -1.002 45.27
-5.622 -1.033 45.22
-5.642 -1.063 45.17
-5.661 -1.094 45.12
-5.68 -1.124 45.06
-5.7 -1.155 45.01
-5.719 -1.185 44.96
-5.738 -1.216 44.91
-5.757 -1.247 44.86
-5.777 -1.277 44.81
-5.796 -1.308 44.76
-5.815 -1.338 44.7
-5.834 -1.369 44.65
-5.854 -1.399 44.6
-5.873 -1.43 44.55
-5.892 -1.46 44.5
-5.911 -1.491 44.44
-5.93 -1.521 44.39
-5.949 -1.552 44.34
-5.968 -1.583 44.29
-5.987 -1.613 44.23
-6.006 -1.644 44.18
-6.025 -1.674 44.13
-6.044 -1.705 44.07
-6.063 -1.735 44.02
-6.082 -1.766 43.97
-6.101 -1.797 43.91
-6.12 -1.827 43.86
-6.139 -1.858 43.81
-6.158 -1.888 43.75
-6.177 -1.919 43.7
-6.196 -1.95 43.64
-6.215 -1.98 43.59
-6.234 -2.011 43.54
-6.252 -2.042 43.48
-6.271 -2.072 43.43
-6.29 -2.103 43.37
-6.309 -2.133 43.32
-6.327 -2.164 43.26
-6.346 -2.195 43.21
-6.365 -2.225 43.15
-6.383 -2.256 43.1
-6.402 -2.287 43.04
-6.421 -2.317 42.99
-6.439 -2.348 42.93
-6.458 -2.379 42.88
-6.477 -2.409 42.82
-6.495 -2.44 42.77
-6.514 -2.47 42.71
-6.532 -2.501 42.66
-6.551 -2.532 42.6
-6.569 -2.562 42.54
-6.588 -2.593 42.49
-6.606 -2.624 42.43
-6.624 -2.654 42.37
-6.643 -2.685 42.32
-6.661 -2.716 42.26
-6.68 -2.746 42.2
-6.698 -2.777 42.15
-6.716 -2.808 42.09
-6.734 -2.839 42.03
-6.753 -2.869 41.98
-6.771 -2.9 41.92
-6.789 -2.931 41.86
-6.807 -2.961 41.8
-6.826 -2.992 41.75
-6.844 -3.023 41.69
-6.862 -3.053 41.63
-6.88 -3.084 41.57
-6.898 -3.115 41.52
-6.916 -3.145 41.46
-6.934 -3.176 41.4
-6.953 -3.207 41.34
-6.971 -3.237 41.28
-6.989 -3.268 41.23
-7.007 -3.299 41.17
-7.025 -3.329 41.11
-7.043 -3.36 41.05
-7.06 -3.391 40.99
-7.078 -3.422 40.93
-7.096 -3.452 40.87
-7.114 -3.483 40.81
-7.132 -3.514 40.75
-7.15 -3.544 40.7
-7.168 -3.575 40.64
-7.185 -3.606 40.58
-7.203 -3.636 40.52
-7.221 -3.667 40.46
-7.239 -3.698 40.4
-7.256 -3.728 40.34
-7.274 -3.759 40.28
-7.292 -3.79 40.22
-7.309 -3.82 40.16
-7.327 -3.851 40.1
-7.345 -3.882 40.04
-7.362 -3.912 39.98
-7.38 -3.943 39.92
-7.397 -3.974 39.86
-7.415 -4.004 39.79
-7.432 -4.035 39.73
-7.45 -4.066 39.67
-7.467 -4.096 39.61
-7.485 -4.127 39.55
-7.502 -4.158 39.49
-7.52 -4.188 39.43
-7.537 -4.219 39.37
-7.554 -4.25 39.31
-7.572 -4.28 39.24
-7.589 -4.311 39.18
-7.606 -4.342 39.12
-7.623 -4.372 39.06
-7.641 -4.403 39
-7.658 -4.434 38.93
-7.675 -4.464 38.87
-7.692 -4.495 38.81
-7.709 -4.526 38.75
-7.727 -4.556 38.69
-7.744 -4.587 38.62
-7.761 -4.618 38.56
-7.778 -4.648 38.5
-7.795 -4.679 38.43
-7.812 -4.709 38.37
-7.829 -4.74 38.31
-7.846 -4.771 38.25
-7.863 -4.801 38.18
-7.88 -4.832 38.12
-7.897 -4.862 38.06
-7.914 -4.893 37.99
-7.93 -4.924 37.93
-7.947 -4.954 37.87
-7.964 -4.985 37.8
-7.981 -5.015 37.74
-7.998 -5.046 37.67
-8.014 -5.077 37.61
-8.031 -5.107 37.55
-8.048 -5.138 37.48
-8.065 -5.168 37.42
-8.081 -5.199 37.35
-8.098 -5.229 37.29
-8.115 -5.26 37.22
-8.131 -5.29 37.16
-8.148 -5.321 37.1
-8.164 -5.352 37.03
-8.181 -5.382 36.97
-8.197 -5.413 36.9
-8.214 -5.443 36.84
-8.23 -5.474 36.77
-8.247 -5.504 36.71
-8.263 -5.535 36.64
-8.28 -5.565 36.57
-8.296 -5.596 36.51
-8.312 -5.626 36.44
-8.329 -5.657 36.38
-8.345 -5.687 36.31
-8.361 -5.717 36.25
-8.377 -5.748 36.18
-8.394 -5.778 36.11
-8.41 -5.809 36.05
-8.426 -5.839 35.98
-8.442 -5.87 35.92
-8.458 -5.9 35.85
-8.475 -5.931 35.78
-8.491 -5.961 35.72
-8.507 -5.991 35.65
-8.523 -6.022 35.58
-8.539 -6.052 35.52
-8.555 -6.083 35.45
-8.571 -6.113 35.38
-8.587 -6.143 35.32
-8.603 -6.174 35.25
-8.619 -6.204 35.18
-8.635 -6.234 35.11
-8.65 -6.265 35.05
-8.666 -6.295 34.98
-8.682 -6.325 34.91
-8.698 -6.356 34.84
-8.714 -6.386 34.78
-8.729 -6.416 34.71
-8.745 -6.447 34.64
-8.761 -6.477 34.57
-8.776 -6.507 34.5
-8.792 -6.537 34.44
-8.808 -6.568 34.37
-8.823 -6.598 34.3
-8.839 -6.628 34.23
-8.854 -6.658 34.16
-8.87 -6.689 34.09
-8.886 -6.719 34.03
-8.901 -6.749 33.96
-8.916 -6.779 33.89
-8.932 -6.809 33.82
-8.947 -6.84 33.75
-8.963 -6.87 33.68
-8.978 -6.9 33.61
-8.993 -6.93 33.54
-9.009 -6.96 33.47
-9.024 -6.99 33.4
-9.039 -7.02 33.33
-9.055 -7.05 33.26
-9.07 -7.081 33.2
-9.085 -7.111 33.13
-9.1 -7.141 33.06
-9.115 -7.171 32.99
-9.13 -7.201 32.92
-9.145 -7.231 32.85
-9.161 -7.261 32.78
-9.176 -7.291 32.71
-9.191 -7.321 32.64
-9.206 -7.351 32.56
-9.221 -7.381 32.49
-9.235 -7.411 32.42
-9.25 -7.441 32.35
-9.265 -7.471 32.28
-9.28 -7.501 32.21
-9.295 -7.531 32.14
-9.31 -7.561 32.07
-9.325 -7.59 32
-9.339 -7.62 31.93
-9.354 -7.65 31.86
-9.369 -7.68 31.79
-9.384 -7.71 31.71
-9.398 -7.74 31.64
-9.413 -7.77 31.57
-9.428 -7.799 31.5
-9.442 -7.829 31.43
-9.457 -7.859 31.36
-9.471 -7.889 31.28
-9.486 -7.918 31.21
-9.5 -7.948 31.14
-9.515 -7.978 31.07
-9.529 -8.008 31
-9.544 -8.037 30.92
-9.558 -8.067 30.85
-9.572 -8.097 30.78
-9.587 -8.126 30.71
-9.601 -8.156 30.64
-9.615 -8.186 30.56
-9.63 -8.215 30.49
-9.644 -8.245 30.42
-9.658 -8.274 30.34
-9.672 -8.304 30.27
-9.686 -8.334 30.2
-9.701 -8.363 30.13
-9.715 -8.393 30.05
-9.729 -8.422 29.98
-9.743 -8.452 29.91
-9.757 -8.481 29.83
-9.771 -8.511 29.76
-9.785 -8.54 29.69
-9.799 -8.57 29.61
-9.813 -8.599 29.54
-9.827 -8.628 29.47
-9.841 -8.658 29.39
-9.854 -8.687 29.32
-9.868 -8.716 29.24
-9.882 -8.746 29.17
-9.896 -8.775 29.1
-9.91 -8.804 29.02
-9.923 -8.834 28.95
-9.937 -8.863 28.87
-9.951 -8.892 28.8
-9.964 -8.922 28.72
-9.978 -8.951 28.65
-9.991 -8.98 28.58
-10.01 -9.009 28.5
-10.02 -9.038 28.43
-10.03 -9.067 28.35
-10.05 -9.097 28.28
-10.06 -9.126 28.2
-10.07 -9.155 28.13
-10.09 -9.184 28.05
-10.1 -9.213 27.98
-10.11 -9.242 27.9
-10.13 -9.271 27.83
-10.14 -9.3 27.75
-10.15 -9.329 27.67
-10.17 -9.358 27.6
-10.18 -9.387 27.52
-10.19 -9.416 27.45
-10.21 -9.445 27.37
-10.22 -9.474 27.3
-10.23 -9.503 27.22
-10.24 -9.531 27.14
-10.26 -9.56 27.07
-10.27 -9.589 26.99
-10.28 -9.618 26.92
-10.3 -9.647 26.84
-10.31 -9.675 26.76
-10.32 -9.704 26.69
-10.34 -9.733 26.61
-10.35 -9.761 26.53
-10.36 -9.79 26.46
-10.37 -9.819 26.38
-10.39 -9.847 26.3
-10.4 -9.876 26.23
-10.41 -9.905 26.15
-10.43 -9.933 26.07
-10.44 -9.962 26
-10.45 -9.99 25.92
-10.46 -10.02 25.84
-10.48 -10.05 25.77
-10.49 -10.08 25.69
-10.5 -10.1 25.61
-10.51 -10.13 25.53
-10.53 -10.16 25.46
-10.54 -10.19 25.38
-10.55 -10.22 25.3
-10.56 -10.25 25.22
-10.58 -10.27 25.14
-10.59 -10.3 25.07
-10.6 -10.33 24.99
-10.61 -10.36 24.91
-10.62 -10.39 24.83
-10.64 -10.42 24.76
-10.65 -10.44 24.68
-10.66 -10.47 24.6
-10.67 -10.5 24.52
-10.69 -10.53 24.44
-10.7 -10.56 24.36
-10.71 -10.58 24.29
-10.72 -10.61 24.21
-10.73 -10.64 24.13
-10.75 -10.67 24.05
-10.76 -10.7 23.97
-10.77 -10.72 23.89
-10.78 -10.75 23.81
-10.79 -10.78 23.73
-10.81 -10.81 23.65
-10.82 -10.84 23.58
-10.83 -10.86 23.5
-10.84 -10.89 23.42
-10.85 -10.92 23.34
-10.86 -10.95 23.26
-10.88 -10.97 23.18
-10.89 -11 23.1
-10.9 -11.03 23.02
-10.91 -11.06 22.94
-10.92 -11.08 22.86
-10.93 -11.11 22.78
-10.95 -11.14 22.7
-10.96 -11.17 22.62
-10.97 -11.19 22.54
-10.98 -11.22 22.46
-10.99 -11.25 22.38
-11 -11.28 22.3
-11.01 -11.3 22.22
-11.02 -11.33 22.14
-11.04 -11.36 22.06
-11.05 -11.39 21.98
-11.06 -11.41 21.9
-11.07 -11.44 21.82
-11.08 -11.47 21.74
-11.09 -11.5 21.66
-11.1 -11.52 21.58
-11.11 -11.55 21.5
-11.13 -11.58 21.42
-11.14 -11.6 21.33
-11.15 -11.63 21.25
-11.16 -11.66 21.17
-11.17 -11.68 21.09
-11.18 -11.71 21.01
-11.19 -11.74 20.93
-11.2 -11.77 20.85
-11.21 -11.79 20.77
-11.22 -11.82 20.68
-11.23 -11.85 20.6
-11.24 -11.87 20.52
-11.26 -11.9 20.44
-11.27 -11.93 20.36
-11.28 -11.95 20.28
-11.29 -11.98 20.2
-11.3 -12.01 20.11
-11.31 -12.03 20.03
-11.32 -12.06 19.95
-11.33 -12.09 19.87
-11.34 -12.11 19.79
-11.35 -12.14 19.7
-11.36 -12.17 19.62
-11.37 -12.19 19.54
-11.38 -12.22 19.46
-11.39 -12.24 19.37
-11.4 -12.27 19.29
-11.41 -12.3 19.21
-11.42 -12.32 19.13
-11.43 -12.35 19.04
-11.44 -12.38 18.96
-11.45 -12.4 18.88
-11.46 -12.43 18.8
-11.47 -12.45 18.71
-11.48 -12.48 18.63
-11.49 -12.51 18.55
-11.5 -12.53 18.46
-11.51 -12.56 18.38
-11.52 -12.58 18.3
-11.53 -12.61 18.21
-11.54 -12.64 18.13
-11.55 -12.66 18.05
-11.56 -12.69 17.96
-11.57 -12.71 17.88
-11.58 -12.74 17.8
-11.59 -12.76 17.71
-11.6 -12.79 17.63
-11.61 -12.82 17.55
-11.62 -12.84 17.46
-11.63 -12.87 17.38
-11.64 -12.89 17.3
-11.65 -12.92 17.21
-11.66 -12.94 17.13
-11.67 -12.97 17.04
-11.68 -12.99 16.96
-11.69 -13.02 16.88
-11.7 -13.04 16.79
-11.71 -13.07 16.71
-11.71 -13.1 16.62
-11.72 -13.12 16.54
-11.73 -13.15 16.45
-11.74 -13.17 16.37
-11.75 -13.2 16.28
-11.76 -13.22 16.2
-11.77 -13.25 16.12
-11.78 -13.27 16.03
-11.79 -13.3 15.95
-11.8 -13.32 15.86
-11.81 -13.35 15.78
-11.81 -13.37 15.69
-11.82 -13.39 15.61
-11.83 -13.42 15.52
-11.84 -13.44 15.44
-11.85 -13.47 15.35
-11.86 -13.49 15.27
-11.87 -13.52 15.18
-11.88 -13.54 15.1
-11.89 -13.57 15.01
-11.89 -13.59 14.93
-11.9 -13.62 14.84
-11.91 -13.64 14.75
-11.92 -13.66 14.67
-11.93 -13.69 14.58
-11.94 -13.71 14.5
-11.95 -13.74 14.41
-11.95 -13.76 14.33
-11.96 -13.79 14.24
-11.97 -13.81 14.15
-11.98 -13.83 14.07
-11.99 -13.86 13.98
-12 -13.88 13.9
-12 -13.91 13.81
-12.01 -13.93 13.72
-12.02 -13.95 13.64
-12.03 -13.98 13.55
-12.04 -14 13.47
-12.04 -14.03 13.38
-12.05 -14.05 13.29
-12.06 -14.07 13.21
-12.07 -14.1 13.12
-12.08 -14.12 13.03
-12.08 -14.14 12.95
-12.09 -14.17 12.86
-12.1 -14.19 12.77
-12.11 -14.21 12.69
-12.12 -14.24 12.6
-12.12 -14.26 12.51
-12.13 -14.28 12.43
-12.14 -14.31 12.34
-12.15 -14.33 12.25
-12.15 -14.35 12.17
-12.16 -14.38 12.08
-12.17 -14.4 11.99
-12.18 -14.42 11.9
-12.18 -14.45 11.82
-12.19 -14.47 11.73
-12.2 -14.49 11.64
-12.21 -14.51 11.56
-12.21 -14.54 11.47
-12.22 -14.56 11.38
-12.23 -14.58 11.29
-12.24 -14.61 11.21
-12.24 -14.63 11.12
-12.25 -14.65 11.03
-12.26 -14.67 10.94
-12.26 -14.7 10.85
-12.27 -14.72 10.77
-12.28 -14.74 10.68
-12.29 -14.76 10.59
-12.29 -14.79 10.5
-12.3 -14.81 10.42
-12.31 -14.83 10.33
-12.31 -14.85 10.24
-12.32 -14.87 10.15
-12.33 -14.9 10.06
-12.33 -14.92 9.975
-12.34 -14.94 9.887
-12.35 -14.96 9.799
-12.35 -14.98 9.71
-12.36 -15.01 9.622
-12.37 -15.03 9.533
-12.37 -15.05 9.445
-12.38 -15.07 9.356
-12.39 -15.09 9.268
-12.39 -15.12 9.179
-12.4 -15.14 9.091
-12.41 -15.16 9.002
-12.41 -15.18 8.913
-12.42 -15.2 8.825
-12.43 -15.22 8.736
-12.43 -15.24 8.647
-12.44 -15.27 8.558
-12.45 -15.29 8.469
-12.45 -15.31 8.38
-12.46 -15.33 8.291
-12.46 -15.35 8.202
-12.47 -15.37 8.113
-12.48 -15.39 8.024
-12.48 -15.41 7.935
-12.49 -15.43 7.845
-12.49 -15.46 7.756
-12.5 -15.48 7.667
-12.51 -15.5 7.577
-12.51 -15.52 7.488
-12.52 -15.54 7.399
-12.52 -15.56 7.309
-12.53 -15.58 7.22
-12.53 -15.6 7.13
-12.54 -15.62 7.04
-12.55 -15.64 6.951
-12.55 -15.66 6.861
-12.56 -15.68 6.771
-12.56 -15.7 6.682
-12.57 -15.72 6.592
-12.57 -15.74 6.502
-12.58 -15.76 6.412
-12.58 -15.78 6.322
-12.59 -15.8 6.232
-12.6 -15.82 6.142
-12.6 -15.84 6.052
-12.61 -15.86 5.962
-12.61 -15.88 5.872
-12.62 -15.9 5.782
-12.62 -15.92 5.692
-12.63 -15.94 5.602
-12.63 -15.96 5.511
-12.64 -15.98 5.421
-12.64 -16 5.331
-12.65 -16.02 5.24
-12.65 -16.04 5.15
-12.66 -16.06 5.06
-12.66 -16.08 4.969
-12.67 -16.1 4.879
-12.67 -16.12 4.788
-12.68 -16.14 4.697
-12.68 -16.15 4.607
-12.69 -16.17 4.516
-12.69 -16.19 4.426
-12.7 -16.21 4.335
-12.7 -16.23 4.244
-12.7 -16.25 4.153
-12.71 -16.27 4.063
-12.71 -16.29 3.972
-12.72 -16.31 3.881
-12.72 -16.32 3.79
-12.73 -16.34 3.699
-12.73 -16.36 3.608
-12.74 -16.38 3.517
-12.74 -16.4 3.426
-12.74 -16.42 3.335
-12.75 -16.43 3.244
-12.75 -16.45 3.153
-12.76 -16.47 3.061
-12.76 -16.49 2.97
-12.76 -16.51 2.879
-12.77 -16.53 2.788
-12.77 -16.54 2.696
-12.78 -16.56 2.605
-12.78 -16.58 2.514
-12.78 -16.6 2.422
-12.79 -16.62 2.331
-12.79 -16.63 2.24
-12.8 -16.65 2.148
-12.8 -16.67 2.057
-12.8 -16.69 1.965
-12.81 -16.7 1.873
-12.81 -16.72 1.782
-12.81 -16.74 1.69
-12.82 -16.76 1.599
-12.82 -16.77 1.507
-12.82 -16.79 1.415
-12.83 -16.81 1.323
-12.83 -16.82 1.232
-12.84 -16.84 1.14
-12.84 -16.86 1.048
-12.84 -16.87 0.9563
-12.85 -16.89 0.8644
-12.85 -16.91 0.7725
-12.85 -16.93 0.6806
-12.85 -16.94 0.5886
-12.86 -16.96 0.4967
-12.86 -16.97 0.4047
-12.86 -16.99 0.3126
-12.87 -17.01 0.2206
-12.87 -17.02 0.1285
-12.87 -17.04 0.03643
-12.88 -17.06 -0.05569
-12.88 -17.07 -0.1478
-12.88 -17.09 -0.24
-12.88 -17.11 -0.3322
-12.89 -17.12 -0.4244
-12.89 -17.14 -0.5167
-12.89 -17.15 -0.6089
-12.9 -17.17 -0.7012
-12.9 -17.18 -0.7935
-12.9 -17.2 -0.8859
-12.9 -17.22 -0.9782
-12.91 -17.23 -1.071
-12.91 -17.25 -1.163
-12.91 -17.26 -1.255
-12.91 -17.28 -1.348
-12.92 -17.29 -1.44
-12.92 -17.31 -1.533
-12.92 -17.32 -1.625
-12.92 -17.34 -1.718
-12.92 -17.36 -1.81
-12.93 -17.37 -1.903
-12.93 -17.39 -1.996
-12.93 -17.4 -2.088
-12.93 -17.42 -2.181
-12.93 -17.43 -2.273
-12.94 -17.44 -2.366
-12.94 -17.46 -2.459
-12.94 -17.47 -2.551
-12.94 -17.49 -2.644
-12.94 -17.5 -2.737
-12.95 -17.52 -2.83
-12.95 -17.53 -2.922
-12.95 -17.55 -3.015
-12.95 -17.56 -3.108
-12.95 -17.58 -3.201
-12.95 -17.59 -3.294
-12.96 -17.6 -3.386
-12.96 -17.62 -3.479
-12.96 -17.63 -3.572
-12.96 -17.65 -3.665
-12.96 -17.66 -3.758
-12.96 -17.67 -3.851
-12.97 -17.69 -3.944
-12.97 -17.7 -4.037
-12.97 -17.71 -4.13
-12.97 -17.73 -4.223
-12.97 -17.74 -4.316
-12.97 -17.76 -4.409
-12.97 -17.77 -4.502
-12.97 -17.78 -4.595
-12.97 -17.8 -4.688
-12.98 -17.81 -4.781
-12.98 -17.82 -4.874
-12.98 -17.83 -4.967
-12.98 -17.85 -5.06
-12.98 -17.86 -5.153
-12.98 -17.87 -5.246
-12.98 -17.89 -5.339
-12.98 -17.9 -5.433
-12.98 -17.91 -5.526
-12.98 -17.92 -5.619
-12.98 -17.94 -5.712
-12.98 -17.95 -5.805
-12.98 -17.96 -5.898
-12.99 -17.97 -5.992
-12.99 -17.99 -6.085
-12.99 -18 -6.178
-12.99 -18.01 -6.271
-12.99 -18.02 -6.364
-12.99 -18.04 -6.458
-12.99 -18.05 -6.551
-12.99 -18.06 -6.644
-12.99 -18.07 -6.737
-12.99 -18.08 -6.831
-12.99 -18.09 -6.924
-12.99 -18.11 -7.017
-12.99 -18.12 -7.11
-12.99 -18.13 -7.204
-12.99 -18.14 -7.297
-12.99 -18.15 -7.39
-12.99 -18.16 -7.483
-12.99 -18.18 -7.577
-12.99 -18.19 -7.67
-12.99 -18.2 -7.763
-12.99 -18.21 -7.857
-12.99 -18.22 -7.95
-12.99 -18.23 -8.043
-12.99 -18.24 -8.137
-12.99 -18.25 -8.23
-12.99 -18.26 -8.323
-12.99 -18.27 -8.416
-12.98 -18.28 -8.51
-12.98 -18.3 -8.603
-12.98 -18.31 -8.696
-12.98 -18.32 -8.79
-12.98 -18.33 -8.883
-12.98 -18.34 -8.976
-12.98 -18.35 -9.07
-12.98 -18.36 -9.163
-12.98 -18.37 -9.256
-12.98 -18.38 -9.35
-12.98 -18.39 -9.443
-12.98 -18.4 -9.536
-12.98 -18.41 -9.629
-12.97 -18.42 -9.723
-12.97 -18.43 -9.816
-12.97 -18.44 -9.909
-12.97 -18.45 -10
-12.97 -18.46 -10.1
-12.97 -18.47 -10.19
-12.97 -18.48 -10.28
-12.97 -18.48 -10.38
-12.96 -18.49 -10.47
-12.96 -18.5 -10.56
-12.96 -18.51 -10.66
-12.96 -18.52 -10.75
-12.96 -18.53 -10.84
-12.96 -18.54 -10.94
-12.96 -18.55 -11.03
-12.95 -18.56 -11.12
-12.95 -18.57 -11.21
-12.95 -18.57 -11.31
-12.95 -18.58 -11.4
-12.95 -18.59 -11.49
-12.95 -18.6 -11.59
-12.94 -18.61 -11.68
-12.94 -18.62 -11.77
-12.94 -18.63 -11.87
-12.94 -18.63 -11.96
-12.94 -18.64 -12.05
-12.93 -18.65 -12.15
-12.93 -18.66 -12.24
-12.93 -18.67 -12.33
-12.93 -18.67 -12.43
-12.93 -18.68 -12.52
-12.92 -18.69 -12.61
-12.92 -18.7 -12.7
-12.92 -18.7 -12.8
-12.92 -18.71 -12.89
-12.91 -18.72 -12.98
-12.91 -18.73 -13.08
-12.91 -18.73 -13.17
-12.91 -18.74 -13.26
-12.9 -18.75 -13.36
-12.9 -18.76 -13.45
-12.9 -18.76 -13.54
-12.9 -18.77 -13.63
-12.89 -18.78 -13.73
-12.89 -18.78 -13.82
-12.89 -18.79 -13.91
-12.88 -18.8 -14.01
-12.88 -18.8 -14.1
-12.88 -18.81 -14.19
-12.88 -18.82 -14.28
-12.87 -18.82 -14.38
-12.87 -18.83 -14.47
-12.87 -18.84 -14.56
-12.86 -18.84 -14.65
-12.86 -18.85 -14.75
-12.86 -18.86 -14.84
-12.85 -18.86 -14.93
-12.85 -18.87 -15.02
-12.85 -18.87 -15.12
-12.84 -18.88 -15.21
-12.84 -18.89 -15.3
-12.84 -18.89 -15.4
-12.83 -18.9 -15.49
-12.83 -18.9 -15.58
-12.83 -18.91 -15.67
-12.82 -18.91 -15.76
-12.82 -18.92 -15.86
-12.82 -18.92 -15.95
-12.81 -18.93 -16.04
-12.81 -18.94 -16.13
-12.8 -18.94 -16.23
-12.8 -18.95 -16.32
-12.8 -18.95 -16.41
-12.79 -18.96 -16.5
-12.79 -18.96 -16.6
-12.78 -18.97 -16.69
-12.78 -18.97 -16.78
-12.78 -18.97 -16.87
-12.77 -18.98 -16.96
-12.77 -18.98 -17.06
-12.76 -18.99 -17.15
-12.76 -18.99 -17.24
-12.76 -19 -17.33
-12.75 -19 -17.42
-12.75 -19.01 -17.52
-12.74 -19.01 -17.61
-12.74 -19.01 -17.7
-12.73 -19.02 -17.79
-12.73 -19.02 -17.88
-12.72 -19.03 -17.97
-12.72 -19.03 -18.07
-12.72 -19.03 -18.16
-12.71 -19.04 -18.25
-12.71 -19.04 -18.34
-12.7 -19.04 -18.43
-12.7 -19.05 -18.52
-12.69 -19.05 -18.62
-12.69 -19.05 -18.71
-12.68 -19.06 -18.8
-12.68 -19.06 -18.89
-12.67 -19.06 -18.98
-12.67 -19.07 -19.07
-12.66 -19.07 -19.16
-12.66 -19.07 -19.25
-12.65 -19.08 -19.35
-12.65 -19.08 -19.44
-12.64 -19.08 -19.53
-12.64 -19.08 -19.62
-12.63 -19.09 -19.71
-12.62 -19.09 -19.8
-12.62 -19.09 -19.89
-12.61 -19.09 -19.98
-12.61 -19.1 -20.07
-12.6 -19.1 -20.16
-12.6 -19.1 -20.26
-12.59 -19.1 -20.35
-12.59 -19.1 -20.44
-12.58 -19.11 -20.53
-12.57 -19.11 -20.62
-12.57 -19.11 -20.71
-12.56 -19.11 -20.8
-12.56 -19.11 -20.89
-12.55 -19.12 -20.98
-12.55 -19.12 -21.07
-12.54 -19.12 -21.16
-12.53 -19.12 -21.25
-12.53 -19.12 -21.34
-12.52 -19.12 -21.43
-12.52 -19.12 -21.52
-12.51 -19.12 -21.61
-12.5 -19.13 -21.7
-12.5 -19.13 -21.79
-12.49 -19.13 -21.88
-12.48 -19.13 -21.97
-12.48 -19.13 -22.06
-12.47 -19.13 -22.15
-12.47 -19.13 -22.24
-12.46 -19.13 -22.33
-12.45 -19.13 -22.42
-12.45 -19.13 -22.51
-12.44 -19.13 -22.6
-12.43 -19.13 -22.69
-12.43 -19.13 -22.78
-12.42 -19.13 -22.87
-12.41 -19.13 -22.96
-12.41 -19.13 -23.05
-12.4 -19.13 -23.13
-12.39 -19.13 -23.22
-12.38 -19.13 -23.31
-12.38 -19.13 -23.4
-12.37 -19.13 -23.49
-12.36 -19.13 -23.58
-12.36 -19.13 -23.67
-12.35 -19.13 -23.76
-12.34 -19.13 -23.85
-12.34 -19.13 -23.94
-12.33 -19.13 -24.02
-12.32 -19.13 -24.11
-12.31 -19.13 -24.2
-12.31 -19.13 -24.29
-12.3 -19.13 -24.38
-12.29 -19.13 -24.47
-12.28 -19.13 -24.55
-12.28 -19.12 -24.64
-12.27 -19.12 -24.73
-12.26 -19.12 -24.82
-12.25 -19.12 -24.91
-12.25 -19.12 -24.99
-12.24 -19.12 -25.08
-12.23 -19.12 -25.17
-12.22 -19.12 -25.26
-12.21 -19.11 -25.35
-12.21 -19.11 -25.43
-12.2 -19.11 -25.52
-12.19 -19.11 -25.61
-12.18 -19.11 -25.7
-12.18 -19.1 -25.78
-12.17 -19.1 -25.87
-12.16 -19.1 -25.96
-12.15 -19.1 -26.05
-12.14 -19.1 -26.13
-12.13 -19.09 -26.22
-12.13 -19.09 -26.31
-12.12 -19.09 -26.39
-12.11 -19.09 -26.48
-12.1 -19.08 -26.57
-12.09 -19.08 -26.65
-12.08 -19.08 -26.74
-12.08 -19.08 -26.83
-12.07 -19.07 -26.91
-12.06 -19.07 -27
-12.05 -19.07 -27.09
-12.04 -19.06 -27.17
-12.03 -19.06 -27.26
-12.02 -19.06 -27.35
-12.02 -19.05 -27.43
-12.01 -19.05 -27.52
-12 -19.05 -27.6
-11.99 -19.04 -27.69
-11.98 -19.04 -27.77
-11.97 -19.04 -27.86
-11.96 -19.03 -27.95
-11.95 -19.03 -28.03
-11.94 -19.03 -28.12
-11.93 -19.02 -28.2
-11.93 -19.02 -28.29
-11.92 -19.01 -28.37
-11.91 -19.01 -28.46
-11.9 -19.01 -28.54
-11.89 -19 -28.63
-11.88 -19 -28.71
-11.87 -18.99 -28.8
-11.86 -18.99 -28.88
-11.85 -18.99 -28.97
-11.84 -18.98 -29.05
-11.83 -18.98 -29.14
-11.82 -18.97 -29.22
-11.81 -18.97 -29.31
-11.8 -18.96 -29.39
-11.79 -18.96 -29.47
-11.78 -18.95 -29.56
-11.77 -18.95 -29.64
-11.76 -18.94 -29.73
-11.75 -18.94 -29.81
-11.74 -18.93 -29.89
-11.73 -18.93 -29.98
-11.72 -18.92 -30.06
-11.71 -18.92 -30.14
-11.7 -18.91 -30.23
-11.69 -18.91 -30.31
-11.68 -18.9 -30.39
-11.67 -18.9 -30.48
-11.66 -18.89 -30.56
-11.65 -18.88 -30.64
-11.64 -18.88 -30.73
-11.63 -18.87 -30.81
-11.62 -18.87 -30.89
-11.61 -18.86 -30.97
-11.6 -18.86 -31.06
-11.59 -18.85 -31.14
-11.58 -18.84 -31.22
-11.57 -18.84 -31.3
-11.56 -18.83 -31.39
-11.55 -18.83 -31.47
-11.54 -18.82 -31.55
-11.53 -18.81 -31.63
-11.52 -18.81 -31.71
-11.51 -18.8 -31.8
-11.5 -18.79 -31.88
-11.48 -18.79 -31.96
-11.47 -18.78 -32.04
-11.46 -18.77 -32.12
-11.45 -18.77 -32.2
-11.44 -18.76 -32.28
-11.43 -18.75 -32.37
-11.42 -18.75 -32.45
-11.41 -18.74 -32.53
-11.4 -18.73 -32.61
-11.38 -18.72 -32.69
-11.37 -18.72 -32.77
-11.36 -18.71 -32.85
-11.35 -18.7 -32.93
-11.34 -18.69 -33.01
-11.33 -18.69 -33.09
-11.32 -18.68 -33.17
-11.31 -18.67 -33.25
-11.29 -18.66 -33.33
-11.28 -18.66 -33.41
-11.27 -18.65 -33.49
-11.26 -18.64 -33.57
-11.25 -18.63 -33.65
-11.24 -18.62 -33.73
-11.22 -18.62 -33.81
-11.21 -18.61 -33.89
-11.2 -18.6 -33.96
-11.19 -18.59 -34.04
-11.18 -18.58 -34.12
-11.17 -18.58 -34.2
-11.15 -18.57 -34.28
-11.14 -18.56 -34.36
-11.13 -18.55 -34.44
-11.12 -18.54 -34.52
-11.11 -18.53 -34.59
-11.09 -18.52 -34.67
-11.08 -18.52 -34.75
-11.07 -18.51 -34.83
-11.06 -18.5 -34.9
-11.04 -18.49 -34.98
-11.03 -18.48 -35.06
-11.02 -18.47 -35.14
-11.01 -18.46 -35.21
-10.99 -18.45 -35.29
-10.98 -18.44 -35.37
-10.97 -18.43 -35.45
-10.96 -18.43 -35.52
-10.94 -18.42 -35.6
-10.93 -18.41 -35.68
-10.92 -18.4 -35.75
-10.91 -18.39 -35.83
-10.89 -18.38 -35.91
-10.88 -18.37 -35.98
-10.87 -18.36 -36.06
-10.86 -18.35 -36.13
-10.84 -18.34 -36.21
-10.83 -18.33 -36.29
-10.82 -18.32 -36.36
-10.8 -18.31 -36.44
-10.79 -18.3 -36.51
-10.78 -18.29 -36.59
-10.77 -18.28 -36.66
-10.75 -18.27 -36.74
-10.74 -18.26 -36.81
-10.73 -18.25 -36.89
-10.71 -18.24 -36.96
-10.7 -18.23 -37.04
-10.69 -18.22 -37.11
-10.67 -18.21 -37.19
-10.66 -18.19 -37.26
-10.65 -18.18 -37.33
-10.63 -18.17 -37.41
-10.62 -18.16 -37.48
-10.61 -18.15 -37.56
-10.59 -18.14 -37.63
-10.58 -18.13 -37.7
-10.57 -18.12 -37.78
-10.55 -18.11 -37.85
-10.54 -18.1 -37.92
-10.52 -18.09 -37.99
-10.51 -18.07 -38.07
-10.5 -18.06 -38.14
-10.48 -18.05 -38.21
-10.47 -18.04 -38.29
-10.46 -18.03 -38.36
-10.44 -18.02 -38.43
-10.43 -18.01 -38.5
-10.41 -17.99 -38.57
-10.4 -17.98 -38.65
-10.39 -17.97 -38.72
-10.37 -17.96 -38.79
-10.36 -17.95 -38.86
-10.34 -17.94 -38.93
-10.33 -17.92 -39
-10.31 -17.91 -39.07
-10.3 -17.9 -39.15
-10.29 -17.89 -39.22
-10.27 -17.87 -39.29
-10.26 -17.86 -39.36
-10.24 -17.85 -39.43
-10.23 -17.84 -39.5
-10.21 -17.83 -39.57
-10.2 -17.81 -39.64
-10.19 -17.8 -39.71
-10.17 -17.79 -39.78
-10.16 -17.78 -39.85
-10.14 -17.76 -39.92
-10.13 -17.75 -39.99
-10.11 -17.74 -40.06
-10.1 -17.72 -40.13
-10.08 -17.71 -40.19
-10.07 -17.7 -40.26
-10.05 -17.69 -40.33
-10.04 -17.67 -40.4
-10.02 -17.66 -40.47
-10.01 -17.65 -40.54
-9.994 -17.63 -40.61
-9.979 -17.62 -40.67
-9.964 -17.61 -40.74
-9.949 -17.59 -40.81
-9.934 -17.58 -40.88
-9.919 -17.57 -40.95
-9.904 -17.55 -41.01
-9.888 -17.54 -41.08
-9.873 -17.53 -41.15
-9.858 -17.51 -41.21
-9.843 -17.5 -41.28
-9.827 -17.49 -41.35
-9.812 -17.47 -41.41
-9.797 -17.46 -41.48
-9.781 -17.44 -41.55
-9.766 -17.43 -41.61
-9.751 -17.42 -41.68
-9.735 -17.4 -41.74
-9.72 -17.39 -41.81
-9.704 -17.37 -41.88
-9.688 -17.36 -41.94
-9.673 -17.35 -42.01
-9.657 -17.33 -42.07
-9.641 -17.32 -42.14
-9.626 -17.3 -42.2
-9.61 -17.29 -42.27
-9.594 -17.27 -42.33
-9.578 -17.26 -42.4
-9.563 -17.24 -42.46
-9.547 -17.23 -42.52
-9.531 -17.22 -42.59
-9.515 -17.2 -42.65
-9.499 -17.19 -42.72
-9.483 -17.17 -42.78
-9.467 -17.16 -42.84
-9.451 -17.14 -42.91
-9.435 -17.13 -42.97
-9.419 -17.11 -43.03
-9.402 -17.1 -43.09
-9.386 -17.08 -43.16
-9.37 -17.07 -43.22
-9.354 -17.05 -43.28
-9.338 -17.04 -43.34
-9.321 -17.02 -43.41
-9.305 -17.01 -43.47
-9.289 -16.99 -43.53
-9.272 -16.97 -43.59
-9.256 -16.96 -43.65
-9.239 -16.94 -43.72
-9.223 -16.93 -43.78
-9.206 -16.91 -43.84
-9.19 -16.9 -43.9
-9.173 -16.88 -43.96
-9.157 -16.87 -44.02
-9.14 -16.85 -44.08
-9.123 -16.83 -44.14
-9.107 -16.82 -44.2
-9.09 -16.8 -44.26
-9.073 -16.79 -44.32
-9.056 -16.77 -44.38
-9.04 -16.75 -44.44
-9.023 -16.74 -44.5
-9.006 -16.72 -44.56
-8.989 -16.71 -44.62
-8.972 -16.69 -44.68
-8.955 -16.67 -44.74
-8.938 -16.66 -44.79
-8.921 -16.64 -44.85
-8.904 -16.62 -44.91
-8.887 -16.61 -44.97
-8.87 -16.59 -45.03
-8.853 -16.57 -45.09
-8.836 -16.56 -45.14
-8.819 -16.54 -45.2
-8.801 -16.52 -45.26
-8.784 -16.51 -45.32
-8.767 -16.49 -45.37
-8.75 -16.47 -45.43
-8.732 -16.46 -45.49
-8.715 -16.44 -45.54
-8.697 -16.42 -45.6
-8.68 -16.41 -45.66
-8.663 -16.39 -45.71
-8.645 -16.37 -45.77
-8.628 -16.36 -45.82
-8.61 -16.34 -45.88
-8.593 -16.32 -45.93
-8.575 -16.3 -45.99
-8.557 -16.29 -46.05
-8.54 -16.27 -46.1
-8.522 -16.25 -46.16
-8.504 -16.23 -46.21
-8.487 -16.22 -46.26
-8.469 -16.2 -46.32
-8.451 -16.18 -46.37
-8.433 -16.16 -46.43
-8.416 -16.15 -46.48
-8.398 -16.13 -46.53
-8.38 -16.11 -46.59
-8.362 -16.09 -46.64
-8.344 -16.08 -46.7
-8.326 -16.06 -46.75
-8.308 -16.04 -46.8
-8.29 -16.02 -46.85
-8.272 -16 -46.91
-8.254 -15.99 -46.96
-8.236 -15.97 -47.01
-8.218 -15.95 -47.06
-8.2 -15.93 -47.12
-8.182 -15.91 -47.17
-8.163 -15.9 -47.22
-8.145 -15.88 -47.27
-8.127 -15.86 -47.32
-8.109 -15.84 -47.37
-8.09 -15.82 -47.42
-8.072 -15.8 -47.47
-8.054 -15.79 -47.53
-8.035 -15.77 -47.58
-8.017 -15.75 -47.63
-7.999 -15.73 -47.68
-7.98 -15.71 -47.73
-7.962 -15.69 -47.78
-7.943 -15.67 -47.83
-7.925 -15.66 -47.88
-7.906 -15.64 -47.93
-7.888 -15.62 -47.97
-7.869 -15.6 -48.02
-7.85 -15.58 -48.07
-7.832 -15.56 -48.12
-7.813 -15.54 -48.17
-7.794 -15.52 -48.22
-7.776 -15.5 -48.27
-7.757 -15.49 -48.31
-7.738 -15.47 -48.36
-7.719 -15.45 -48.41
-7.701 -15.43 -48.46
-7.682 -15.41 -48.5
-7.663 -15.39 -48.55
-7.644 -15.37 -48.6
-7.625 -15.35 -48.65
-7.606 -15.33 -48.69
-7.587 -15.31 -48.74
-7.568 -15.29 -48.78
-7.549 -15.27 -48.83
-7.53 -15.25 -48.88
-7.511 -15.23 -48.92
-7.492 -15.21 -48.97
-7.473 -15.2 -49.01
-7.454 -15.18 -49.06
-7.435 -15.16 -49.1
-7.416 -15.14 -49.15
-7.397 -15.12 -49.19
-7.377 -15.1 -49.24
-7.358 -15.08 -49.28
-7.339 -15.06 -49.33
-7.32 -15.04 -49.37
-7.3 -15.02 -49.42
-7.281 -15 -49.46
-7.262 -14.98 -49.5
-7.242 -14.96 -49.55
-7.223 -14.94 -49.59
-7.203 -14.92 -49.63
-7.184 -14.9 -49.68
-7.165 -14.88 -49.72
-7.145 -14.86 -49.76
-7.126 -14.84 -49.8
-7.106 -14.82 -49.85
-7.087 -14.8 -49.89
-7.067 -14.78 -49.93
-7.047 -14.76 -49.97
-7.028 -14.73 -50.01
-7.008 -14.71 -50.05
-6.989 -14.69 -50.1
-6.969 -14.67 -50.14
-6.949 -14.65 -50.18
-6.93 -14.63 -50.22
-6.91 -14.61 -50.26
-6.89 -14.59 -50.3
-6.87 -14.57 -50.34
-6.85 -14.55 -50.38
-6.831 -14.53 -50.42
-6.811 -14.51 -50.46
-6.791 -14.49 -50.5
-6.771 -14.47 -50.54
-6.751 -14.45 -50.58
-6.731 -14.42 -50.62
-6.711 -14.4 -50.65
-6.691 -14.38 -50.69
-6.671 -14.36 -50.73
-6.651 -14.34 -50.77
-6.631 -14.32 -50.81
-6.611 -14.3 -50.85
-6.591 -14.28 -50.88
-6.571 -14.26 -50.92
-6.551 -14.23 -50.96
-6.531 -14.21 -51
-6.511 -14.19 -51.03
-6.491 -14.17 -51.07
-6.471 -14.15 -51.11
-6.45 -14.13 -51.14
-6.43 -14.11 -51.18
-6.41 -14.09 -51.22
-6.39 -14.06 -51.25
-6.37 -14.04 -51.29
-6.349 -14.02 -51.32
-6.329 -14 -51.36
-6.309 -13.98 -51.39
-6.288 -13.96 -51.43
-6.268 -13.93 -51.46
-6.248 -13.91 -51.5
-6.227 -13.89 -51.53
-6.207 -13.87 -51.57
-6.186 -13.85 -51.6
-6.166 -13.83 -51.64
-6.145 -13.8 -51.67
-6.125 -13.78 -51.7
-6.104 -13.76 -51.74
-6.084 -13.74 -51.77
-6.063 -13.72 -51.8
-6.043 -13.69 -51.84
-6.022 -13.67 -51.87
-6.002 -13.65 -51.9
-5.981 -13.63 -51.93
-5.96 -13.61 -51.97
-5.94 -13.58 -52
-5.919 -13.56 -52.03
-5.898 -13.54 -52.06
-5.878 -13.52 -52.09
-5.857 -13.5 -52.12
-5.836 -13.47 -52.16
-5.816 -13.45 -52.19
-5.795 -13.43 -52.22
-5.774 -13.41 -52.25
-5.753 -13.38 -52.28
-5.732 -13.36 -52.31
-5.712 -13.34 -52.34
-5.691 -13.32 -52.37
-5.67 -13.29 -52.4
-5.649 -13.27 -52.43
-5.628 -13.25 -52.46
-5.607 -13.23 -52.49
-5.586 -13.2 -52.52
-5.565 -13.18 -52.54
-5.545 -13.16 -52.57
-5.524 -13.14 -52.6
-5.503 -13.11 -52.63
-5.482 -13.09 -52.66
-5.461 -13.07 -52.69
-5.44 -13.04 -52.71
-5.418 -13.02 -52.74
-5.397 -13 -52.77
-5.376 -12.98 -52.8
-5.355 -12.95 -52.82
-5.334 -12.93 -52.85
-5.313 -12.91 -52.88
-5.292 -12.88 -52.9
-5.271 -12.86 -52.93
-5.25 -12.84 -52.96
-5.228 -12.81 -52.98
-5.207 -12.79 -53.01
-5.186 -12.77 -53.03
-5.165 -12.75 -53.06
-5.144 -12.72 -53.08
-5.122 -12.7 -53.11
-5.101 -12.68 -53.13
-5.08 -12.65 -53.16
-5.059 -12.63 -53.18
-5.037 -12.61 -53.21
-5.016 -12.58 -53.23
-4.995 -12.56 -53.26
-4.973 -12.54 -53.28
-4.952 -12.51 -53.3
-4.931 -12.49 -53.33
-4.909 -12.47 -53.35
-4.888 -12.44 -53.37
-4.866 -12.42 -53.4
-4.845 -12.39 -53.42
-4.824 -12.37 -53.44
-4.802 -12.35 -53.47
-4.781 -12.32 -53.49
-4.759 -12.3 -53.51
-4.738 -12.28 -53.53
-4.716 -12.25 -53.55
-4.695 -12.23 -53.57
-4.673 -12.21 -53.6
-4.652 -12.18 -53.62
-4.63 -12.16 -53.64
-4.609 -12.13 -53.66
-4.587 -12.11 -53.68
-4.565 -12.09 -53.7
-4.544 -12.06 -53.72
-4.522 -12.04 -53.74
-4.501 -12.01 -53.76
-4.479 -11.99 -53.78
-4.457 -11.97 -53.8
-4.436 -11.94 -53.82
-4.414 -11.92 -53.84
-4.392 -11.89 -53.86
-4.371 -11.87 -53.88
-4.349 -11.85 -53.9
-4.327 -11.82 -53.91
-4.306 -11.8 -53.93
-4.284 -11.77 -53.95
-4.262 -11.75 -53.97
-4.24 -11.73 -53.99
-4.219 -11.7 -54
-4.197 -11.68 -54.02
-4.175 -11.65 -54.04
-4.153 -11.63 -54.06
-4.131 -11.6 -54.07
-4.11 -11.58 -54.09
-4.088 -11.56 -54.11
-4.066 -11.53 -54.12
-4.044 -11.51 -54.14
-4.022 -11.48 -54.15
-4 -11.46 -54.17
-3.979 -11.43 -54.19
-3.957 -11.41 -54.2
-3.935 -11.38 -54.22
-3.913 -11.36 -54.23
-3.891 -11.33 -54.25
-3.869 -11.31 -54.26
-3.847 -11.29 -54.28
-3.825 -11.26 -54.29
-3.803 -11.24 -54.3
-3.781 -11.21 -54.32
-3.759 -11.19 -54.33
-3.737 -11.16 -54.35
-3.715 -11.14 -54.36
-3.693 -11.11 -54.37
-3.671 -11.09 -54.39
-3.649 -11.06 -54.4
-3.627 -11.04 -54.41
-3.605 -11.01 -54.42
-3.583 -10.99 -54.44
-3.561 -10.96 -54.45
-3.539 -10.94 -54.46
-3.517 -10.91 -54.47
-3.495 -10.89 -54.48
-3.473 -10.86 -54.5
-3.451 -10.84 -54.51
-3.429 -10.81 -54.52
-3.407 -10.79 -54.53
-3.385 -10.76 -54.54
-3.363 -10.74 -54.55
-3.34 -10.71 -54.56
-3.318 -10.69 -54.57
-3.296 -10.66 -54.58
-3.274 -10.64 -54.59
-3.252 -10.61 -54.6
-3.23 -10.59 -54.61
-3.208 -10.56 -54.62
-3.185 -10.54 -54.63
-3.163 -10.51 -54.64
-3.141 -10.49 -54.65
-3.119 -10.46 -54.66
-3.097 -10.43 -54.67
-3.075 -10.41 -54.67
-3.052 -10.38 -54.68
-3.03 -10.36 -54.69
-3.008 -10.33 -54.7
-2.986 -10.31 -54.71
-2.963 -10.28 -54.71
-2.941 -10.26 -54.72
-2.919 -10.23 -54.73
-2.897 -10.21 -54.73
-2.874 -10.18 -54.74
-2.852 -10.15 -54.75
-2.83 -10.13 -54.75
-2.808 -10.1 -54.76
-2.785 -10.08 -54.77
-2.763 -10.05 -54.77
-2.741 -10.03 -54.78
-2.718 -10 -54.78
-2.696 -9.974 -54.79
-2.674 -9.949 -54.79
-2.652 -9.923 -54.8
-2.629 -9.897 -54.8
-2.607 -9.871 -54.81
-2.585 -9.845 -54.81
-2.562 -9.82 -54.82
-2.54 -9.794 -54.82
-2.518 -9.768 -54.83
-2.495 -9.742 -54.83
-2.473 -9.716 -54.83
-2.451 -9.69 -54.84
-2.428 -9.664 -54.84
-2.406 -9.638 -54.84
-2.384 -9.612 -54.85
-2.361 -9.586 -54.85
-2.339 -9.56 -54.85
-2.316 -9.534 -54.85
-2.294 -9.508 -54.86
-2.272 -9.482 -54.86
-2.249 -9.456 -54.86
-2.227 -9.43 -54.86
-2.205 -9.403 -54.86
-2.182 -9.377 -54.87
-2.16 -9.351 -54.87
-2.137 -9.325 -54.87
-2.115 -9.299 -54.87
-2.093 -9.272 -54.87
-2.07 -9.246 -54.87
-2.048 -9.22 -54.87
-2.025 -9.194 -54.87
-2.003 -9.167 -54.87
-1.98 -9.141 -54.87
-1.958 -9.115 -54.87
-1.936 -9.088 -54.87
-1.913 -9.062 -54.87
-1.891 -9.035 -54.87
-1.868 -9.009 -54.87
-1.846 -8.983 -54.87
-1.823 -8.956 -54.86
-1.801 -8.93 -54.86
-1.779 -8.903 -54.86
-1.756 -8.877 -54.86
-1.734 -8.85 -54.86
-1.711 -8.824 -54.86
-1.689 -8.797 -54.85
-1.666 -8.77 -54.85
-1.644 -8.744 -54.85
-1.621 -8.717 -54.84
-1.599 -8.691 -54.84
-1.576 -8.664 -54.84
-1.554 -8.637 -54.84
-1.532 -8.611 -54.83
-1.509 -8.584 -54.83
-1.487 -8.557 -54.82
-1.464 -8.53 -54.82
-1.442 -8.504 -54.82
-1.419 -8.477 -54.81
-1.397 -8.45 -54.81
-1.374 -8.423 -54.8
-1.352 -8.397 -54.8
-1.329 -8.37 -54.79
-1.307 -8.343 -54.79
-1.284 -8.316 -54.78
-1.262 -8.289 -54.78
-1.239 -8.262 -54.77
-1.217 -8.235 -54.76
-1.195 -8.208 -54.76
-1.172 -8.181 -54.75
-1.15 -8.154 -54.75
-1.127 -8.127 -54.74
-1.105 -8.1 -54.73
-1.082 -8.073 -54.73
-1.06 -8.046 -54.72
-1.037 -8.019 -54.71
-1.015 -7.992 -54.7
-0.9923 -7.965 -54.7
-0.9699 -7.938 -54.69
-0.9474 -7.911 -54.68
-0.9249 -7.884 -54.67
-0.9025 -7.857 -54.66
-0.88 -7.829 -54.66
-0.8575 -7.802 -54.65
-0.8351 -7.775 -54.64
-0.8126 -7.748 -54.63
-0.7902 -7.721 -54.62
-0.7677 -7.693 -54.61
-0.7452 -7.666 -54.6
-0.7228 -7.639 -54.59
-0.7003 -7.612 -54.58
-0.6779 -7.584 -54.57
-0.6554 -7.557 -54.56
-0.633 -7.53 -54.55
-0.6105 -7.502 -54.54
-0.5881 -7.475 -54.53
-0.5656 -7.448 -54.52
-0.5432 -7.42 -54.51
-0.5208 -7.393 -54.5
-0.4983 -7.365 -54.49
-0.4759 -7.338 -54.48
-0.4535 -7.31 -54.47
-0.431 -7.283 -54.45
-0.4086 -7.255 -54.44
-0.3862 -7.228 -54.43
-0.3637 -7.2 -54.42
-0.3413 -7.173 -54.41
-0.3189 -7.145 -54.39
-0.2965 -7.118 -54.38
-0.2741 -7.09 -54.37
-0.2517 -7.063 -54.36
-0.2292 -7.035 -54.34
-0.2068 -7.007 -54.33
-0.1844 -6.98 -54.32
-0.162 -6.952 -54.3
-0.1396 -6.924 -54.29
-0.1172 -6.897 -54.27
-0.09486 -6.869 -54.26
-0.07247 -6.841 -54.25
-0.05009 -6.813 -54.23
-0.02771 -6.786 -54.22
-0.005332 -6.758 -54.2
0.01704 -6.73 -54.19
0.03941 -6.702 -54.17
0.06177 -6.675 -54.16
0.08414 -6.647 -54.14
0.1065 -6.619 -54.13
0.1288 -6.591 -54.11
0.1512 -6.563 -54.09
0.1735 -6.535 -54.08
0.1959 -6.507 -54.06
0.2182 -6.479 -54.05
0.2406 -6.452 -54.03
0.2629 -6.424 -54.01
0.2852 -6.396 -54
0.3075 -6.368 -53.98
0.3298 -6.34 -53.96
0.3521 -6.312 -53.95
0.3745 -6.284 -53.93
0.3968 -6.256 -53.91
0.4191 -6.228 -53.89
0.4413 -6.2 -53.88
0.4636 -6.172 -53.86
0.4859 -6.143 -53.84
0.5082 -6.115 -53.82
0.5305 -6.087 -53.8
0.5527 -6.059 -53.78
0.575 -6.031 -53.76
0.5972 -6.003 -53.75
0.6195 -5.975 -53.73
0.6417 -5.947 -53.71
0.664 -5.918 -53.69
0.6862 -5.89 -53.67
0.7084 -5.862 -53.65
0.7307 -5.834 -53.63
0.7529 -5.805 -53.61
0.7751 -5.777 -53.59
0.7973 -5.749 -53.57
0.8195 -5.721 -53.55
0.8417 -5.692 -53.53
0.8639 -5.664 -53.51
0.886 -5.636 -53.49
0.9082 -5.607 -53.46
0.9304 -5.579 -53.44
0.9526 -5.551 -53.42
0.9747 -5.522 -53.4
0.9969 -5.494 -53.38
1.019 -5.465 -53.36
1.041 -5.437 -53.33
1.063 -5.409 -53.31
1.085 -5.38 -53.29
1.108 -5.352 -53.27
1.13 -5.323 -53.25
1.152 -5.295 -53.22
1.174 -5.266 -53.2
1.196 -5.238 -53.18
1.218 -5.209 -53.15
1.24 -5.181 -53.13
1.262 -5.152 -53.11
1.284 -5.124 -53.08
1.306 -5.095 -53.06
1.328 -5.066 -53.04
1.35 -5.038 -53.01
1.372 -5.009 -52.99
1.394 -4.981 -52.96
1.416 -4.952 -52.94
1.438 -4.923 -52.91
1.46 -4.895 -52.89
1.482 -4.866 -52.86
1.504 -4.837 -52.84
1.526 -4.809 -52.81
1.548 -4.78 -52.79
1.57 -4.751 -52.76
1.592 -4.722 -52.74
1.614 -4.694 -52.71
1.636 -4.665 -52.68
1.658 -4.636 -52.66
1.68 -4.607 -52.63
1.702 -4.578 -52.61
1.724 -4.55 -52.58
1.746 -4.521 -52.55
1.768 -4.492 -52.53
1.789 -4.463 -52.5
1.811 -4.434 -52.47
1.833 -4.405 -52.44
1.855 -4.376 -52.42
1.877 -4.348 -52.39
1.899 -4.319 -52.36
1.92 -4.29 -52.33
1.942 -4.261 -52.3
1.964 -4.232 -52.28
1.986 -4.203 -52.25
2.008 -4.174 -52.22
2.029 -4.145 -52.19
2.051 -4.116 -52.16
2.073 -4.087 -52.13
2.095 -4.058 -52.1
2.116 -4.029 -52.08
2.138 -4 -52.05
2.16 -3.971 -52.02
2.182 -3.942 -51.99
2.203 -3.913 -51.96
2.225 -3.884 -51.93
2.247 -3.854 -51.9
2.268 -3.825 -51.87
2.29 -3.796 -51.84
2.312 -3.767 -51.81
2.333 -3.738 -51.78
2.355 -3.709 -51.74
2.377 -3.68 -51.71
2.398 -3.65 -51.68
2.42 -3.621 -51.65
2.441 -3.592 -51.62
2.463 -3.563 -51.59
2.485 -3.534 -51.56
2.506 -3.504 -51.53
2.528 -3.475 -51.49
2.549 -3.446 -51.46
2.571 -3.417 -51.43
2.592 -3.387 -51.4
2.614 -3.358 -51.36
2.635 -3.329 -51.33
2.657 -3.299 -51.3
2.678 -3.27 -51.27
2.7 -3.241 -51.23
2.721 -3.211 -51.2
2.743 -3.182 -51.17
2.764 -3.153 -51.13
2.785 -3.123 -51.1
2.807 -3.094 -51.07
2.828 -3.065 -51.03
2.85 -3.035 -51
2.871 -3.006 -50.96
2.892 -2.976 -50.93
2.914 -2.947 -50.9
2.935 -2.917 -50.86
2.956 -2.888 -50.83
2.978 -2.858 -50.79
2.999 -2.829 -50.76
3.02 -2.799 -50.72
3.042 -2.77 -50.69
3.063 -2.74 -50.65
3.084 -2.711 -50.62
3.105 -2.681 -50.58
3.127 -2.652 -50.55
3.148 -2.622 -50.51
3.169 -2.593 -50.47
3.19 -2.563 -50.44
3.211 -2.534 -50.4
3.233 -2.504 -50.36
3.254 -2.474 -50.33
3.275 -2.445 -50.29
3.296 -2.415 -50.25
3.317 -2.385 -50.22
3.338 -2.356 -50.18
3.359 -2.326 -50.14
3.38 -2.297 -50.11
3.402 -2.267 -50.07
3.423 -2.237 -50.03
3.444 -2.207 -49.99
3.465 -2.178 -49.96
3.486 -2.148 -49.92
3.507 -2.118 -49.88
3.528 -2.089 -49.84
3.549 -2.059 -49.8
3.57 -2.029 -49.77
3.591 -1.999 -49.73
3.612 -1.97 -49.69
3.632 -1.94 -49.65
3.653 -1.91 -49.61
3.674 -1.88 -49.57
3.695 -1.85 -49.53
3.716 -1.821 -49.49
3.737 -1.791 -49.45
3.758 -1.761 -49.41
3.779 -1.731 -49.37
3.799 -1.701 -49.33
3.82 -1.671 -49.29
3.841 -1.641 -49.25
3.862 -1.612 -49.21
3.883 -1.582 -49.17
3.903 -1.552 -49.13
3.924 -1.522 -49.09
3.945 -1.492 -49.05
3.966 -1.462 -49.01
3.986 -1.432 -48.97
4.007 -1.402 -48.93
4.028 -1.372 -48.89
4.048 -1.342 -48.84
4.069 -1.312 -48.8
4.09 -1.282 -48.76
4.11 -1.252 -48.72
4.131 -1.222 -48.68
4.151 -1.192 -48.64
4.172 -1.162 -48.59
4.192 -1.132 -48.55
4.213 -1.102 -48.51
4.233 -1.072 -48.47
4.254 -1.042 -48.42
4.275 -1.012 -48.38
4.295 -0.9822 -48.34
4.315 -0.9521 -48.3
4.336 -0.922 -48.25
4.356 -0.892 -48.21
4.377 -0.8619 -48.17
4.397 -0.8318 -48.12
4.418 -0.8017 -48.08
4.438 -0.7716 -48.03
4.458 -0.7414 -47.99
4.479 -0.7113 -47.95
4.499 -0.6812 -47.9
4.519 -0.651 -47.86
4.54 -0.6209 -47.81
4.56 -0.5907 -47.77
4.58 -0.5606 -47.72
4.6 -0.5304 -47.68
4.621 -0.5002 -47.64
4.641 -0.47 -47.59
4.661 -0.4398 -47.55
4.681 -0.4096 -47.5
4.701 -0.3794 -47.45
4.722 -0.3492 -47.41
4.742 -0.319 -47.36
4.762 -0.2887 -47.32
4.782 -0.2585 -47.27
4.802 -0.2283 -47.23
4.822 -0.198 -47.18
4.842 -0.1678 -47.13
4.862 -0.1375 -47.09
4.882 -0.1072 -47.04
4.902 -0.07694 -46.99
4.922 -0.04665 -46.95
4.942 -0.01636 -46.9
4.962 0.01394 -46.85
4.982 0.04424 -46.81
5.002 0.07456 -46.76
5.022 0.1049 -46.71
5.042 0.1352 -46.67
5.062 0.1655 -46.62
5.082 0.1959 -46.57
5.102 0.2262 -46.52
5.122 0.2566 -46.48
5.141 0.2869 -46.43
5.161 0.3173 -46.38
5.181 0.3476 -46.33
5.201 0.378 -46.28
5.22 0.4084 -46.23
5.24 0.4388 -46.19
5.26 0.4692 -46.14
5.28 0.4996 -46.09
5.299 0.53 -46.04
5.319 0.5604 -45.99
5.339 0.5908 -45.94
5.358 0.6212 -45.89
5.378 0.6516 -45.84
5.398 0.6821 -45.79
5.417 0.7125 -45.74
5.437 0.743 -45.69
5.456 0.7734 -45.65
5.476 0.8039 -45.6
5.495 0.8343 -45.55
5.515 0.8648 -45.5
5.534 0.8952 -45.45
5.554 0.9257 -45.39
5.573 0.9562 -45.34
5.593 0.9867 -45.29
5.612 1.017 -45.24
5.631 1.048 -45.19
5.651 1.078 -45.14
5.67 1.109 -45.09
5.69 1.139 -45.04
5.709 1.17 -44.99
5.728 1.2 -44.94
5.747 1.231 -44.89
5.767 1.261 -44.83
5.786 1.292 -44.78
5.805 1.322 -44.73
5.824 1.353 -44.68
5.844 1.383 -44.63
5.863 1.414 -44.57
5.882 1.444 -44.52
5.901 1.475 -44.47
5.92 1.506 -44.42
5.939 1.536 -44.37
5.958 1.567 -44.31
5.978 1.597 -44.26
5.997 1.628 -44.21
6.016 1.658 -44.15
6.035 1.689 -44.1
6.054 1.72 -44.05
6.073 1.75 -43.99
6.092 1.781 -43.94
6.111 1.811 -43.89
6.129 1.842 -43.83
6.148 1.873 -43.78
6.167 1.903 -43.73
6.186 1.934 -43.67
6.205 1.964 -43.62
6.224 1.995 -43.56
6.243 2.026 -43.51
6.261 2.056 -43.46
6.28 2.087 -43.4
6.299 2.118 -43.35
6.318 2.148 -43.29
6.336 2.179 -43.24
6.355 2.209 -43.18
6.374 2.24 -43.13
6.392 2.271 -43.07
6.411 2.301 -43.02
6.43 2.332 -42.96
6.448 2.363 -42.91
6.467 2.393 -42.85
6.485 2.424 -42.8
6.504 2.455 -42.74
6.523 2.485 -42.68
6.541 2.516 -42.63
6.56 2.547 -42.57
6.578 2.577 -42.52
6.596 2.608 -42.46
6.615 2.639 -42.4
6.633 2.669 -42.35
6.652 2.7 -42.29
6.67 2.731 -42.23
6.688 2.761 -42.18
6.707 2.792 -42.12
6.725 2.823 -42.06
6.743 2.853 -42.01
6.762 2.884 -41.95
6.78 2.915 -41.89
6.798 2.945 -41.83
6.816 2.976 -41.78
6.834 3.007 -41.72
6.853 3.037 -41.66
6.871 3.068 -41.6
6.889 3.099 -41.55
6.907 3.129 -41.49
6.925 3.16 -41.43
6.943 3.191 -41.37
6.961 3.221 -41.31
6.979 3.252 -41.26
6.997 3.283 -41.2
7.015 3.314 -41.14
7.033 3.344 -41.08
7.051 3.375 -41.02
7.069 3.406 -40.96
7.087 3.436 -40.9
7.105 3.467 -40.84
7.123 3.498 -40.79
7.141 3.528 -40.73
7.158 3.559 -40.67
7.176 3.59 -40.61
7.194 3.62 -40.55
7.212 3.651 -40.49
7.23 3.682 -40.43
7.247 3.712 -40.37
7.265 3.743 -40.31
7.283 3.774 -40.25
7.3 3.805 -40.19
7.318 3.835 -40.13
7.336 3.866 -40.07
7.353 3.897 -40.01
7.371 3.927 -39.95
7.388 3.958 -39.89
7.406 3.989 -39.83
7.423 4.019 -39.77
7.441 4.05 -39.7
7.458 4.081 -39.64
7.476 4.111 -39.58
7.493 4.142 -39.52
7.511 4.173 -39.46
7.528 4.203 -39.4
7.545 4.234 -39.34
7.563 4.265 -39.28
7.58 4.295 -39.21
7.597 4.326 -39.15
7.614 4.357 -39.09
7.632 4.387 -39.03
7.649 4.418 -38.97
7.666 4.448 -38.9
7.683 4.479 -38.84
7.701 4.51 -38.78
7.718 4.54 -38.72
7.735 4.571 -38.66
7.752 4.602 -38.59
7.769 4.632 -38.53
7.786 4.663 -38.47
7.803 4.694 -38.4
7.82 4.724 -38.34
7.837 4.755 -38.28
7.854 4.785 -38.22
7.871 4.816 -38.15
7.888 4.847 -38.09
7.905 4.877 -38.03
7.922 4.908 -37.96
7.939 4.938 -37.9
7.955 4.969 -37.83
7.972 5 -37.77
7.989 5.03 -37.71
8.006 5.061 -37.64
8.023 5.091 -37.58
8.039 5.122 -37.52
8.056 5.152 -37.45
8.073 5.183 -37.39
8.089 5.214 -37.32
8.106 5.244 -37.26
8.123 5.275 -37.19
8.139 5.305 -37.13
8.156 5.336 -37.06
8.172 5.366 -37
8.189 5.397 -36.93
8.205 5.427 -36.87
8.222 5.458 -36.8
8.238 5.488 -36.74
8.255 5.519 -36.67
8.271 5.549 -36.61
8.287 5.58 -36.54
8.304 5.61 -36.48
8.32 5.641 -36.41
8.337 5.671 -36.35
8.353 5.702 -36.28
8.369 5.732 -36.21
8.385 5.763 -36.15
8.402 5.793 -36.08
8.418 5.823 -36.02
8.434 5.854 -35.95
8.45 5.884 -35.88
8.466 5.915 -35.82
8.482 5.945 -35.75
8.498 5.976 -35.68
8.514 6.006 -35.62
8.531 6.036 -35.55
8.547 6.067 -35.48
8.563 6.097 -35.42
8.579 6.128 -35.35
8.594 6.158 -35.28
8.61 6.188 -35.22
8.626 6.219 -35.15
8.642 6.249 -35.08
8.658 6.279 -35.01
8.674 6.31 -34.95
8.69 6.34 -34.88
8.705 6.37 -34.81
8.721 6.401 -34.74
8.737 6.431 -34.68
8.753 6.461 -34.61
8.768 6.491 -34.54
8.784 6.522 -34.47
8.8 6.552 -34.4
8.815 6.582 -34.33
8.831 6.612 -34.27
8.846 6.643 -34.2
8.862 6.673 -34.13
8.877 6.703 -34.06
8.893 6.733 -33.99
8.908 6.763 -33.92
8.924 6.794 -33.85
8.939 6.824 -33.79
8.955 6.854 -33.72
8.97 6.884 -33.65
8.985 6.914 -33.58
9.001 6.944 -33.51
9.016 6.975 -33.44
9.031 7.005 -33.37
9.047 7.035 -33.3
9.062 7.065 -33.23
9.077 7.095 -33.16
9.092 7.125 -33.09
9.107 7.155 -33.02
9.123 7.185 -32.95
9.138 7.215 -32.88
9.153 7.245 -32.81
9.168 7.275 -32.74
9.183 7.305 -32.67
9.198 7.335 -32.6
9.213 7.365 -32.53
9.228 7.395 -32.46
9.243 7.425 -32.39
9.258 7.455 -32.32
9.272 7.485 -32.25
9.287 7.515 -32.18
9.302 7.545 -32.11
9.317 7.575 -32.04
9.332 7.605 -31.96
9.347 7.635 -31.89
9.361 7.665 -31.82
9.376 7.694 -31.75
9.391 7.724 -31.68
9.405 7.754 -31.61
9.42 7.784 -31.54
9.435 7.814 -31.47
9.449 7.843 -31.39
9.464 7.873 -31.32
9.478 7.903 -31.25
9.493 7.933 -31.18
9.507 7.963 -31.11
9.522 7.992 -31.03
9.536 8.022 -30.96
9.551 8.052 -30.89
9.565 8.081 -30.82
9.579 8.111 -30.75
9.594 8.141 -30.67
9.608 8.17 -30.6
9.622 8.2 -30.53
9.636 8.23 -30.45
9.651 8.259 -30.38
9.665 8.289 -30.31
9.679 8.318 -30.24
9.693 8.348 -30.16
9.707 8.377 -30.09
9.721 8.407 -30.02
9.736 8.436 -29.94
9.75 8.466 -29.87
9.764 8.495 -29.8
9.778 8.525 -29.72
9.792 8.554 -29.65
9.806 8.584 -29.58
9.819 8.613 -29.5
9.833 8.643 -29.43
9.847 8.672 -29.36
9.861 8.701 -29.28
9.875 8.731 -29.21
9.889 8.76 -29.13
9.902 8.789 -29.06
9.916 8.819 -28.99
9.93 8.848 -28.91
9.944 8.877 -28.84
9.957 8.906 -28.76
9.971 8.936 -28.69
9.984 8.965 -28.61
9.998 8.994 -28.54
10.01 9.023 -28.46
10.03 9.052 -28.39
10.04 9.081 -28.31
10.05 9.111 -28.24
10.07 9.14 -28.16
10.08 9.169 -28.09
10.09 9.198 -28.01
10.11 9.227 -27.94
10.12 9.256 -27.86
10.13 9.285 -27.79
10.15 9.314 -27.71
10.16 9.343 -27.64
10.17 9.372 -27.56
10.19 9.401 -27.49
10.2 9.43 -27.41
10.21 9.459 -27.34
10.22 9.488 -27.26
10.24 9.516 -27.18
10.25 9.545 -27.11
10.26 9.574 -27.03
10.28 9.603 -26.96
10.29 9.632 -26.88
10.3 9.66 -26.8
10.32 9.689 -26.73
10.33 9.718 -26.65
10.34 9.747 -26.57
10.35 9.775 -26.5
10.37 9.804 -26.42
10.38 9.833 -26.34
10.39 9.861 -26.27
10.41 9.89 -26.19
10.42 9.918 -26.11
10.43 9.947 -26.04
10.44 9.976 -25.96
10.46 10 -25.88
10.47 10.03 -25.81
10.48 10.06 -25.73
10.49 10.09 -25.65
10.51 10.12 -25.57
10.52 10.15 -25.5
10.53 10.17 -25.42
10.54 10.2 -25.34
10.56 10.23 -25.26
10.57 10.26 -25.19
10.58 10.29 -25.11
10.59 10.32 -25.03
10.61 10.34 -24.95
10.62 10.37 -24.87
10.63 10.4 -24.8
10.64 10.43 -24.72
10.65 10.46 -24.64
10.67 10.49 -24.56
10.68 10.51 -24.48
10.69 10.54 -24.4
10.7 10.57 -24.33
10.72 10.6 -24.25
10.73 10.63 -24.17
10.74 10.65 -24.09
10.75 10.68 -24.01
10.76 10.71 -23.93
10.78 10.74 -23.85
10.79 10.77 -23.77
10.8 10.79 -23.7
10.81 10.82 -23.62
10.82 10.85 -23.54
10.83 10.88 -23.46
10.85 10.9 -23.38
10.86 10.93 -23.3
10.87 10.96 -23.22
10.88 10.99 -23.14
10.89 11.02 -23.06
10.9 11.04 -22.98
10.92 11.07 -22.9
10.93 11.1 -22.82
10.94 11.13 -22.74
10.95 11.15 -22.66
10.96 11.18 -22.58
10.97 11.21 -22.5
10.98 11.24 -22.42
11 11.26 -22.34
11.01 11.29 -22.26
11.02 11.32 -22.18
11.03 11.34 -22.1
11.04 11.37 -22.02
11.05 11.4 -21.94
11.06 11.43 -21.86
11.08 11.45 -21.78
11.09 11.48 -21.7
11.1 11.51 -21.62
11.11 11.54 -21.54
11.12 11.56 -21.46
11.13 11.59 -21.38
11.14 11.62 -21.3
11.15 11.64 -21.21
11.16 11.67 -21.13
11.17 11.7 -21.05
11.19 11.72 -20.97
11.2 11.75 -20.89
11.21 11.78 -20.81
11.22 11.81 -20.73
11.23 11.83 -20.65
11.24 11.86 -20.56
11.25 11.89 -20.48
11.26 11.91 -20.4
11.27 11.94 -20.32
11.28 11.97 -20.24
11.29 11.99 -20.16
11.3 12.02 -20.07
11.31 12.05 -19.99
11.32 12.07 -19.91
11.33 12.1 -19.83
11.34 12.13 -19.75
11.36 12.15 -19.66
11.37 12.18 -19.58
11.38 12.2 -19.5
11.39 12.23 -19.42
11.4 12.26 -19.33
11.41 12.28 -19.25
11.42 12.31 -19.17
11.43 12.34 -19.09
11.44 12.36 -19
11.45 12.39 -18.92
11.46 12.41 -18.84
11.47 12.44 -18.76
11.48 12.47 -18.67
11.49 12.49 -18.59
11.5 12.52 -18.51
11.51 12.54 -18.42
11.52 12.57 -18.34
11.53 12.6 -18.26
11.54 12.62 -18.17
11.55 12.65 -18.09
11.56 12.67 -18.01
11.57 12.7 -17.92
11.58 12.73 -17.84
11.59 12.75 -17.76
11.6 12.78 -17.67
11.61 12.8 -17.59
11.62 12.83 -17.51
11.62 12.85 -17.42
11.63 12.88 -17.34
11.64 12.9 -17.26
11.65 12.93 -17.17
11.66 12.96 -17.09
11.67 12.98 -17
11.68 13.01 -16.92
11.69 13.03 -16.83
11.7 13.06 -16.75
11.71 13.08 -16.67
11.72 13.11 -16.58
11.73 13.13 -16.5
11.74 13.16 -16.41
11.75 13.18 -16.33
11.76 13.21 -16.24
11.76 13.23 -16.16
11.77 13.26 -16.08
11.78 13.28 -15.99
11.79 13.31 -15.91
11.8 13.33 -15.82
11.81 13.36 -15.74
11.82 13.38 -15.65
11.83 13.41 -15.57
11.84 13.43 -15.48
11.85 13.46 -15.4
11.85 13.48 -15.31
11.86 13.51 -15.23
11.87 13.53 -15.14
11.88 13.55 -15.06
11.89 13.58 -14.97
11.9 13.6 -14.88
11.91 13.63 -14.8
11.92 13.65 -14.71
11.92 13.68 -14.63
11.93 13.7 -14.54
11.94 13.73 -14.46
11.95 13.75 -14.37
11.96 13.77 -14.28
11.97 13.8 -14.2
11.97 13.82 -14.11
11.98 13.85 -14.03
11.99 13.87 -13.94
12 13.89 -13.86
12.01 13.92 -13.77
12.02 13.94 -13.68
12.02 13.97 -13.6
12.03 13.99 -13.51
12.04 14.01 -13.42
12.05 14.04 -13.34
12.06 14.06 -13.25
12.06 14.08 -13.17
12.07 14.11 -13.08
12.08 14.13 -12.99
12.09 14.16 -12.91
12.1 14.18 -12.82
12.1 14.2 -12.73
12.11 14.23 -12.65
12.12 14.25 -12.56
12.13 14.27 -12.47
12.13 14.3 -12.38
12.14 14.32 -12.3
12.15 14.34 -12.21
12.16 14.36 -12.12
12.17 14.39 -12.04
12.17 14.41 -11.95
12.18 14.43 -11.86
12.19 14.46 -11.78
12.2 14.48 -11.69
12.2 14.5 -11.6
12.21 14.53 -11.51
12.22 14.55 -11.43
12.23 14.57 -11.34
12.23 14.59 -11.25
12.24 14.62 -11.16
12.25 14.64 -11.08
12.25 14.66 -10.99
12.26 14.68 -10.9
12.27 14.71 -10.81
12.28 14.73 -10.72
12.28 14.75 -10.64
12.29 14.77 -10.55
12.3 14.8 -10.46
12.3 14.82 -10.37
12.31 14.84 -10.29
12.32 14.86 -10.2
12.32 14.89 -10.11
12.33 14.91 -10.02
12.34 14.93 -9.933
12.34 14.95 -9.844
12.35 14.97 -9.756
12.36 15 -9.668
12.36 15.02 -9.579
12.37 15.04 -9.491
12.38 15.06 -9.402
12.38 15.08 -9.314
12.39 15.1 -9.225
12.4 15.13 -9.137
12.4 15.15 -9.048
12.41 15.17 -8.959
12.42 15.19 -8.871
12.42 15.21 -8.782
12.43 15.23 -8.693
12.44 15.25 -8.604
12.44 15.28 -8.515
12.45 15.3 -8.426
12.45 15.32 -8.337
12.46 15.34 -8.248
12.47 15.36 -8.159
12.47 15.38 -8.07
12.48 15.4 -7.981
12.48 15.42 -7.892
12.49 15.44 -7.802
12.5 15.47 -7.713
12.5 15.49 -7.624
12.51 15.51 -7.534
12.51 15.53 -7.445
12.52 15.55 -7.355
12.53 15.57 -7.266
12.53 15.59 -7.176
12.54 15.61 -7.087
12.54 15.63 -6.997
12.55 15.65 -6.908
12.55 15.67 -6.818
12.56 15.69 -6.728
12.57 15.71 -6.638
12.57 15.73 -6.549
12.58 15.75 -6.459
12.58 15.77 -6.369
12.59 15.79 -6.279
12.59 15.81 -6.189
12.6 15.83 -6.099
12.6 15.85 -6.009
12.61 15.87 -5.919
12.61 15.89 -5.829
12.62 15.91 -5.739
12.62 15.93 -5.648
12.63 15.95 -5.558
12.63 15.97 -5.468
12.64 15.99 -5.378
12.64 16.01 -5.287
12.65 16.03 -5.197
12.65 16.05 -5.106
12.66 16.07 -5.016
12.66 16.09 -4.926
12.67 16.11 -4.835
12.67 16.13 -4.744
12.68 16.14 -4.654
12.68 16.16 -4.563
12.69 16.18 -4.473
12.69 16.2 -4.382
12.7 16.22 -4.291
12.7 16.24 -4.2
12.71 16.26 -4.11
12.71 16.28 -4.019
12.72 16.3 -3.928
12.72 16.31 -3.837
12.72 16.33 -3.746
12.73 16.35 -3.655
12.73 16.37 -3.564
12.74 16.39 -3.473
12.74 16.41 -3.382
12.75 16.43 -3.291
12.75 16.44 -3.2
12.75 16.46 -3.109
12.76 16.48 -3.018
12.76 16.5 -2.926
12.77 16.52 -2.835
12.77 16.53 -2.744
12.77 16.55 -2.652
12.78 16.57 -2.561
12.78 16.59 -2.47
12.79 16.61 -2.378
12.79 16.62 -2.287
12.79 16.64 -2.195
12.8 16.66 -2.104
12.8 16.68 -2.012
12.81 16.69 -1.921
12.81 16.71 -1.829
12.81 16.73 -1.738
12.82 16.75 -1.646
12.82 16.76 -1.554
12.82 16.78 -1.463
12.83 16.8 -1.371
12.83 16.81 -1.279
12.83 16.83 -1.188
12.84 16.85 -1.096
12.84 16.87 -1.004
12.84 16.88 -0.912
12.85 16.9 -0.8201
12.85 16.92 -0.7282
12.85 16.93 -0.6363
12.86 16.95 -0.5443
12.86 16.97 -0.4524
12.86 16.98 -0.3604
12.87 17 -0.2683
12.87 17.02 -0.1763
12.87 17.03 -0.08417
12.87 17.05 0.007939
12.88 17.06 0.1001
12.88 17.08 0.1922
12.88 17.1 0.2844
12.89 17.11 0.3766
12.89 17.13 0.4689
12.89 17.15 0.5611
12.89 17.16 0.6534
12.9 17.18 0.7457
12.9 17.19 0.838
12.9 17.21 0.9303
12.9 17.22 1.023
12.91 17.24 1.115
12.91 17.26 1.208
12.91 17.27 1.3
12.91 17.29 1.392
12.92 17.3 1.485
12.92 17.32 1.577
12.92 17.33 1.67
12.92 17.35 1.762
12.93 17.36 1.855
12.93 17.38 1.948
12.93 17.39 2.04
12.93 17.41 2.133
12.93 17.42 2.225
12.94 17.44 2.318
12.94 17.45 2.411
12.94 17.47 2.503
12.94 17.48 2.596
12.94 17.5 2.689
12.95 17.51 2.782
12.95 17.52 2.874
12.95 17.54 2.967
12.95 17.55 3.06
12.95 17.57 3.153
12.95 17.58 3.245
12.96 17.6 3.338
12.96 17.61 3.431
12.96 17.62 3.524
12.96 17.64 3.617
12.96 17.65 3.71
12.96 17.67 3.803
12.96 17.68 3.896
12.97 17.69 3.989
12.97 17.71 4.082
12.97 17.72 4.175
12.97 17.73 4.268
12.97 17.75 4.361
12.97 17.76 4.454
12.97 17.77 4.547
12.97 17.79 4.64
12.97 17.8 4.733
12.98 17.81 4.826
12.98 17.83 4.919
12.98 17.84 5.012
12.98 17.85 5.105
12.98 17.87 5.198
12.98 17.88 5.291
12.98 17.89 5.384
12.98 17.91 5.477
12.98 17.92 5.571
12.98 17.93 5.664
12.98 17.94 5.757
12.98 17.96 5.85
12.98 17.97 5.943
12.99 17.98 6.036
12.99 17.99 6.13
12.99 18 6.223
12.99 18.02 6.316
12.99 18.03 6.409
12.99 18.04 6.503
12.99 18.05 6.596
12.99 18.07 6.689
12.99 18.08 6.782
12.99 18.09 6.875
12.99 18.1 6.969
12.99 18.11 7.062
12.99 18.12 7.155
12.99 18.14 7.249
12.99 18.15 7.342
12.99 18.16 7.435
12.99 18.17 7.528
12.99 18.18 7.622
12.99 18.19 7.715
12.99 18.2 7.808
12.99 18.21 7.902
12.99 18.23 7.995
12.99 18.24 8.088
12.99 18.25 8.181
12.99 18.26 8.275
12.99 18.27 8.368
12.98 18.28 8.461
12.98 18.29 8.555
12.98 18.3 8.648
12.98 18.31 8.741
12.98 18.32 8.835
12.98 18.33 8.928
12.98 18.34 9.021
12.98 18.35 9.115
12.98 18.36 9.208
12.98 18.37 9.301
12.98 18.38 9.394
12.98 18.39 9.488
12.98 18.4 9.581
12.97 18.41 9.674
12.97 18.42 9.768
12.97 18.43 9.861
12.97 18.44 9.954
12.97 18.45 10.05
12.97 18.46 10.14
12.97 18.47 10.23
12.97 18.48 10.33
12.97 18.49 10.42
12.96 18.5 10.51
12.96 18.51 10.61
12.96 18.52 10.7
12.96 18.53 10.79
12.96 18.53 10.89
12.96 18.54 10.98
12.95 18.55 11.07
12.95 18.56 11.17
12.95 18.57 11.26
12.95 18.58 11.35
12.95 18.59 11.45
12.95 18.6 11.54
12.94 18.6 11.63
12.94 18.61 11.73
12.94 18.62 11.82
12.94 18.63 11.91
12.94 18.64 12
12.93 18.65 12.1
12.93 18.65 12.19
12.93 18.66 12.28
12.93 18.67 12.38
12.93 18.68 12.47
12.92 18.69 12.56
12.92 18.69 12.66
12.92 18.7 12.75
12.92 18.71 12.84
12.91 18.72 12.94
12.91 18.72 13.03
12.91 18.73 13.12
12.91 18.74 13.21
12.9 18.75 13.31
12.9 18.75 13.4
12.9 18.76 13.49
12.9 18.77 13.59
12.89 18.77 13.68
12.89 18.78 13.77
12.89 18.79 13.86
12.89 18.79 13.96
12.88 18.8 14.05
12.88 18.81 14.14
12.88 18.81 14.24
12.87 18.82 14.33
12.87 18.83 14.42
12.87 18.83 14.51
12.86 18.84 14.61
12.86 18.85 14.7
12.86 18.85 14.79
12.86 18.86 14.88
12.85 18.87 14.98
12.85 18.87 15.07
12.85 18.88 15.16
12.84 18.88 15.25
12.84 18.89 15.35
12.84 18.89 15.44
12.83 18.9 15.53
12.83 18.91 15.62
12.82 18.91 15.72
12.82 18.92 15.81
12.82 18.92 15.9
12.81 18.93 15.99
12.81 18.93 16.09
12.81 18.94 16.18
12.8 18.94 16.27
12.8 18.95 16.36
12.79 18.95 16.46
12.79 18.96 16.55
12.79 18.96 16.64
12.78 18.97 16.73
12.78 18.97 16.82
12.77 18.98 16.92
12.77 18.98 17.01
12.77 18.99 17.1
12.76 18.99 17.19
12.76 18.99 17.28
12.75 19 17.38
12.75 19 17.47
12.74 19.01 17.56
12.74 19.01 17.65
12.74 19.02 17.74
12.73 19.02 17.83
12.73 19.02 17.93
12.72 19.03 18.02
12.72 19.03 18.11
12.71 19.03 18.2
12.71 19.04 18.29
12.7 19.04 18.38
12.7 19.05 18.48
12.69 19.05 18.57
12.69 19.05 18.66
12.68 19.06 18.75
12.68 19.06 18.84
12.67 19.06 18.93
12.67 19.07 19.02
12.66 19.07 19.12
12.66 19.07 19.21
12.65 19.07 19.3
12.65 19.08 19.39
12.64 19.08 19.48
12.64 19.08 19.57
12.63 19.08 19.66
12.63 19.09 19.75
12.62 19.09 19.84
12.62 19.09 19.94
12.61 19.09 20.03
12.61 19.1 20.12
12.6 19.1 20.21
12.59 19.1 20.3
12.59 19.1 20.39
12.58 19.11 20.48
12.58 19.11 20.57
12.57 19.11 20.66
12.57 19.11 20.75
12.56 19.11 20.84
12.55 19.11 20.93
12.55 19.12 21.02
12.54 19.12 21.11
12.54 19.12 21.2
12.53 19.12 21.29
12.52 19.12 21.38
12.52 19.12 21.47
12.51 19.12 21.56
12.51 19.13 21.65
12.5 19.13 21.74
12.49 19.13 21.83
12.49 19.13 21.92
12.48 19.13 22.01
12.47 19.13 22.1
12.47 19.13 22.19
12.46 19.13 22.28
12.46 19.13 22.37
12.45 19.13 22.46
12.44 19.13 22.55
12.44 19.13 22.64
12.43 19.13 22.73
12.42 19.13 22.82
12.42 19.13 22.91
12.41 19.13 23
12.4 19.13 23.09
12.4 19.13 23.18
12.39 19.13 23.27
12.38 19.13 23.36
12.37 19.13 23.45
12.37 19.13 23.53
12.36 19.13 23.62
12.35 19.13 23.71
12.35 19.13 23.8
12.34 19.13 23.89
12.33 19.13 23.98
12.32 19.13 24.07
12.32 19.13 24.16
12.31 19.13 24.24
12.3 19.13 24.33
12.3 19.13 24.42
12.29 19.13 24.51
12.28 19.13 24.6
12.27 19.12 24.69
12.27 19.12 24.77
12.26 19.12 24.86
12.25 19.12 24.95
12.24 19.12 25.04
12.23 19.12 25.13
12.23 19.12 25.21
12.22 19.11 25.3
12.21 19.11 25.39
12.2 19.11 25.48
12.2 19.11 25.56
12.19 19.11 25.65
12.18 19.11 25.74
12.17 19.1 25.83
12.16 19.1 25.91
12.16 19.1 26
12.15 19.1 26.09
12.14 19.09 26.17
12.13 19.09 26.26
12.12 19.09 26.35
12.11 19.09 26.44
12.11 19.09 26.52
12.1 19.08 26.61
12.09 19.08 26.7
12.08 19.08 26.78
12.07 19.07 26.87
12.06 19.07 26.96
12.05 19.07 27.04
12.05 19.07 27.13
12.04 19.06 27.21
12.03 19.06 27.3
12.02 19.06 27.39
12.01 19.05 27.47
12 19.05 27.56
11.99 19.05 27.64
11.98 19.04 27.73
11.98 19.04 27.82
11.97 19.04 27.9
11.96 19.03 27.99
11.95 19.03 28.07
11.94 19.02 28.16
11.93 19.02 28.24
11.92 19.02 28.33
11.91 19.01 28.41
11.9 19.01 28.5
11.89 19 28.58
11.88 19 28.67
11.87 19 28.75
11.87 18.99 28.84
11.86 18.99 28.92
11.85 18.98 29.01
11.84 18.98 29.09
11.83 18.97 29.18
11.82 18.97 29.26
11.81 18.97 29.35
11.8 18.96 29.43
11.79 18.96 29.51
11.78 18.95 29.6
11.77 18.95 29.68
11.76 18.94 29.77
11.75 18.94 29.85
11.74 18.93 29.93
11.73 18.93 30.02
11.72 18.92 30.1
11.71 18.92 30.18
11.7 18.91 30.27
11.69 18.9 30.35
11.68 18.9 30.43
11.67 18.89 30.52
11.66 18.89 30.6
11.65 18.88 30.68
11.64 18.88 30.77
11.63 18.87 30.85
11.62 18.86 30.93
11.61 18.86 31.01
11.6 18.85 31.1
11.59 18.85 31.18
11.58 18.84 31.26
11.56 18.83 31.34
11.55 18.83 31.43
11.54 18.82 31.51
11.53 18.82 31.59
11.52 18.81 31.67
11.51 18.8 31.75
11.5 18.8 31.84
11.49 18.79 31.92
11.48 18.78 32
11.47 18.78 32.08
11.46 18.77 32.16
11.45 18.76 32.24
11.44 18.76 32.32
11.42 18.75 32.4
11.41 18.74 32.48
11.4 18.73 32.57
11.39 18.73 32.65
11.38 18.72 32.73
11.37 18.71 32.81
11.36 18.71 32.89
11.35 18.7 32.97
11.33 18.69 33.05
11.32 18.68 33.13
11.31 18.68 33.21
11.3 18.67 33.29
11.29 18.66 33.37
11.28 18.65 33.45
11.27 18.64 33.53
11.25 18.64 33.61
11.24 18.63 33.69
11.23 18.62 33.77
11.22 18.61 33.84
11.21 18.6 33.92
11.2 18.6 34
11.18 18.59 34.08
11.17 18.58 34.16
11.16 18.57 34.24
11.15 18.56 34.32
11.14 18.55 34.4
11.12 18.55 34.47
11.11 18.54 34.55
11.1 18.53 34.63
11.09 18.52 34.71
11.08 18.51 34.79
11.06 18.5 34.86
11.05 18.49 34.94
11.04 18.49 35.02
11.03 18.48 35.1
11.01 18.47 35.17
11 18.46 35.25
10.99 18.45 35.33
10.98 18.44 35.41
10.96 18.43 35.48
10.95 18.42 35.56
10.94 18.41 35.64
10.93 18.4 35.71
10.91 18.39 35.79
10.9 18.38 35.87
10.89 18.37 35.94
10.88 18.36 36.02
10.86 18.35 36.09
10.85 18.34 36.17
10.84 18.33 36.25
10.82 18.32 36.32
10.81 18.31 36.4
10.8 18.3 36.47
10.79 18.29 36.55
10.77 18.28 36.62
10.76 18.27 36.7
10.75 18.26 36.77
10.73 18.25 36.85
10.72 18.24 36.92
10.71 18.23 37
10.69 18.22 37.07
10.68 18.21 37.15
10.67 18.2 37.22
10.65 18.19 37.3
10.64 18.18 37.37
10.63 18.17 37.44
10.61 18.16 37.52
10.6 18.15 37.59
10.59 18.14 37.66
10.57 18.12 37.74
10.56 18.11 37.81
10.55 18.1 37.88
10.53 18.09 37.96
10.52 18.08 38.03
10.5 18.07 38.1
10.49 18.06 38.18
10.48 18.05 38.25
10.46 18.03 38.32
10.45 18.02 38.39
10.43 18.01 38.47
10.42 18 38.54
10.41 17.99 38.61
10.39 17.98 38.68
10.38 17.96 38.75
10.36 17.95 38.82
10.35 17.94 38.9
10.34 17.93 38.97
10.32 17.92 39.04
10.31 17.91 39.11
10.29 17.89 39.18
10.28 17.88 39.25
10.27 17.87 39.32
10.25 17.86 39.39
10.24 17.84 39.46
10.22 17.83 39.53
10.21 17.82 39.6
10.19 17.81 39.67
10.18 17.79 39.74
10.16 17.78 39.81
10.15 17.77 39.88
10.13 17.76 39.95
10.12 17.74 40.02
10.11 17.73 40.09
10.09 17.72 40.16
10.08 17.71 40.23
10.06 17.69 40.3
10.05 17.68 40.37
10.03 17.67 40.43
10.02 17.65 40.5
10 17.64 40.57
9.987 17.63 40.64
9.972 17.61 40.71
9.957 17.6 40.77
9.942 17.59 40.84
9.927 17.57 40.91
9.911 17.56 40.98
9.896 17.55 41.04
9.881 17.53 41.11
9.866 17.52 41.18
9.851 17.51 41.25
9.835 17.49 41.31
9.82 17.48 41.38
9.805 17.47 41.45
9.789 17.45 41.51
9.774 17.44 41.58
9.759 17.42 41.64
9.743 17.41 41.71
9.728 17.4 41.78
9.712 17.38 41.84
9.696 17.37 41.91
9.681 17.35 41.97
9.665 17.34 42.04
9.65 17.32 42.1
9.634 17.31 42.17
9.618 17.3 42.23
9.602 17.28 42.3
9.587 17.27 42.36
9.571 17.25 42.43
9.555 17.24 42.49
9.539 17.22 42.55
9.523 17.21 42.62
9.507 17.19 42.68
9.491 17.18 42.75
9.475 17.16 42.81
9.459 17.15 42.87
9.443 17.13 42.94
9.427 17.12 43
9.411 17.1 43.06
9.395 17.09 43.13
9.378 17.07 43.19
9.362 17.06 43.25
9.346 17.04 43.31
9.33 17.03 43.37
9.313 17.01 43.44
9.297 17 43.5
9.281 16.98 43.56
9.264 16.97 43.62
9.248 16.95 43.68
9.231 16.94 43.74
9.215 16.92 43.81
9.198 16.9 43.87
9.182 16.89 43.93
9.165 16.87 43.99
9.149 16.86 44.05
9.132 16.84 44.11
9.115 16.83 44.17
9.099 16.81 44.23
9.082 16.79 44.29
9.065 16.78 44.35
9.048 16.76 44.41
9.032 16.75 44.47
9.015 16.73 44.53
8.998 16.71 44.59
8.981 16.7 44.65
8.964 16.68 44.71
8.947 16.67 44.76
8.93 16.65 44.82
8.913 16.63 44.88
8.896 16.62 44.94
8.879 16.6 45
8.862 16.58 45.06
8.845 16.57 45.11
8.827 16.55 45.17
8.81 16.53 45.23
8.793 16.52 45.29
8.776 16.5 45.34
8.758 16.48 45.4
8.741 16.47 45.46
8.724 16.45 45.51
8.706 16.43 45.57
8.689 16.42 45.63
8.672 16.4 45.68
8.654 16.38 45.74
8.637 16.36 45.79
8.619 16.35 45.85
8.602 16.33 45.91
8.584 16.31 45.96
8.567 16.3 46.02
8.549 16.28 46.07
8.531 16.26 46.13
8.514 16.24 46.18
8.496 16.23 46.24
8.478 16.21 46.29
8.46 16.19 46.34
8.443 16.17 46.4
8.425 16.16 46.45
8.407 16.14 46.51
8.389 16.12 46.56
8.371 16.1 46.61
8.353 16.08 46.67
8.336 16.07 46.72
8.318 16.05 46.77
8.3 16.03 46.83
8.282 16.01 46.88
8.263 16 46.93
8.245 15.98 46.98
8.227 15.96 47.04
8.209 15.94 47.09
8.191 15.92 47.14
8.173 15.91 47.19
8.155 15.89 47.24
8.136 15.87 47.3
8.118 15.85 47.35
8.1 15.83 47.4
8.082 15.81 47.45
8.063 15.8 47.5
8.045 15.78 47.55
8.027 15.76 47.6
8.008 15.74 47.65
7.99 15.72 47.7
7.971 15.7 47.75
7.953 15.68 47.8
7.934 15.67 47.85
7.916 15.65 47.9
7.897 15.63 47.95
7.879 15.61 48
7.86 15.59 48.05
7.841 15.57 48.1
7.823 15.55 48.14
7.804 15.53 48.19
7.785 15.51 48.24
7.767 15.5 48.29
7.748 15.48 48.34
7.729 15.46 48.38
7.71 15.44 48.43
7.692 15.42 48.48
7.673 15.4 48.53
7.654 15.38 48.57
7.635 15.36 48.62
7.616 15.34 48.67
7.597 15.32 48.71
7.578 15.3 48.76
7.559 15.28 48.81
7.54 15.26 48.85
7.521 15.24 48.9
7.502 15.23 48.94
7.483 15.21 48.99
7.464 15.19 49.04
7.445 15.17 49.08
7.426 15.15 49.13
7.406 15.13 49.17
7.387 15.11 49.22
7.368 15.09 49.26
7.349 15.07 49.3
7.33 15.05 49.35
7.31 15.03 49.39
7.291 15.01 49.44
7.272 14.99 49.48
7.252 14.97 49.52
7.233 14.95 49.57
7.214 14.93 49.61
7.194 14.91 49.65
7.175 14.89 49.7
7.155 14.87 49.74
7.136 14.85 49.78
7.116 14.83 49.82
7.097 14.81 49.87
7.077 14.79 49.91
7.058 14.77 49.95
7.038 14.75 49.99
7.018 14.72 50.03
6.999 14.7 50.07
6.979 14.68 50.12
6.959 14.66 50.16
6.94 14.64 50.2
6.92 14.62 50.24
6.9 14.6 50.28
6.881 14.58 50.32
6.861 14.56 50.36
6.841 14.54 50.4
6.821 14.52 50.44
6.801 14.5 50.48
6.781 14.48 50.52
6.762 14.46 50.56
6.742 14.44 50.6
6.722 14.41 50.63
6.702 14.39 50.67
6.682 14.37 50.71
6.662 14.35 50.75
6.642 14.33 50.79
6.622 14.31 50.83
6.602 14.29 50.86
6.582 14.27 50.9
6.562 14.25 50.94
6.542 14.22 50.98
6.521 14.2 51.01
6.501 14.18 51.05
6.481 14.16 51.09
6.461 14.14 51.12
6.441 14.12 51.16
6.421 14.1 51.2
6.4 14.08 51.23
6.38 14.05 51.27
6.36 14.03 51.3
6.339 14.01 51.34
6.319 13.99 51.38
6.299 13.97 51.41
6.278 13.95 51.45
6.258 13.92 51.48
6.238 13.9 51.51
6.217 13.88 51.55
6.197 13.86 51.58
6.176 13.84 51.62
6.156 13.82 51.65
6.136 13.79 51.69
6.115 13.77 51.72
6.095 13.75 51.75
6.074 13.73 51.79
6.053 13.71 51.82
6.033 13.68 51.85
6.012 13.66 51.88
5.992 13.64 51.92
5.971 13.62 51.95
5.951 13.6 51.98
5.93 13.57 52.01
5.909 13.55 52.05
5.889 13.53 52.08
5.868 13.51 52.11
5.847 13.48 52.14
5.826 13.46 52.17
5.806 13.44 52.2
5.785 13.42 52.23
5.764 13.4 52.26
5.743 13.37 52.29
5.722 13.35 52.32
5.702 13.33 52.35
5.681 13.31 52.38
5.66 13.28 52.41
5.639 13.26 52.44
5.618 13.24 52.47
5.597 13.22 52.5
5.576 13.19 52.53
5.555 13.17 52.56
5.534 13.15 52.59
5.513 13.12 52.62
5.492 13.1 52.64
5.471 13.08 52.67
5.45 13.06 52.7
5.429 13.03 52.73
5.408 13.01 52.76
5.387 12.99 52.78
5.366 12.96 52.81
5.345 12.94 52.84
5.324 12.92 52.86
5.303 12.9 52.89
5.282 12.87 52.92
5.261 12.85 52.94
5.239 12.83 52.97
5.218 12.8 53
5.197 12.78 53.02
5.176 12.76 53.05
5.155 12.73 53.07
5.133 12.71 53.1
5.112 12.69 53.12
5.091 12.66 53.15
5.07 12.64 53.17
5.048 12.62 53.2
5.027 12.59 53.22
5.006 12.57 53.24
4.984 12.55 53.27
4.963 12.52 53.29
4.942 12.5 53.32
4.92 12.48 53.34
4.899 12.45 53.36
4.877 12.43 53.39
4.856 12.41 53.41
4.835 12.38 53.43
4.813 12.36 53.45
4.792 12.34 53.48
4.77 12.31 53.5
4.749 12.29 53.52
4.727 12.27 53.54
4.706 12.24 53.56
4.684 12.22 53.59
4.663 12.19 53.61
4.641 12.17 53.63
4.62 12.15 53.65
4.598 12.12 53.67
4.577 12.1 53.69
4.555 12.07 53.71
4.533 12.05 53.73
4.512 12.03 53.75
4.49 12 53.77
4.469 11.98 53.79
4.447 11.96 53.81
4.425 11.93 53.83
4.404 11.91 53.85
4.382 11.88 53.87
4.36 11.86 53.89
4.338 11.83 53.9
4.317 11.81 53.92
4.295 11.79 53.94
4.273 11.76 53.96
4.252 11.74 53.98
4.23 11.71 53.99
4.208 11.69 54.01
4.186 11.67 54.03
4.165 11.64 54.05
4.143 11.62 54.06
4.121 11.59 54.08
4.099 11.57 54.1
4.077 11.54 54.11
4.055 11.52 54.13
4.034 11.49 54.15
4.012 11.47 54.16
3.99 11.45 54.18
3.968 11.42 54.19
3.946 11.4 54.21
3.924 11.37 54.22
3.902 11.35 54.24
3.88 11.32 54.25
3.858 11.3 54.27
3.837 11.27 54.28
3.815 11.25 54.3
3.793 11.22 54.31
3.771 11.2 54.32
3.749 11.17 54.34
3.727 11.15 54.35
3.705 11.13 54.37
3.683 11.1 54.38
3.661 11.08 54.39
3.639 11.05 54.4
3.617 11.03 54.42
3.595 11 54.43
3.573 10.98 54.44
3.551 10.95 54.45
3.529 10.93 54.47
3.507 10.9 54.48
3.484 10.88 54.49
3.462 10.85 54.5
3.44 10.83 54.51
3.418 10.8 54.52
3.396 10.78 54.53
3.374 10.75 54.55
3.352 10.73 54.56
3.33 10.7 54.57
3.308 10.68 54.58
3.286 10.65 54.59
3.263 10.62 54.6
3.241 10.6 54.61
3.219 10.57 54.62
3.197 10.55 54.63
3.175 10.52 54.63
3.153 10.5 54.64
3.13 10.47 54.65
3.108 10.45 54.66
3.086 10.42 54.67
3.064 10.4 54.68
3.042 10.37 54.69
3.019 10.35 54.69
2.997 10.32 54.7
2.975 10.3 54.71
2.953 10.27 54.72
2.93 10.24 54.72
2.908 10.22 54.73
2.886 10.19 54.74
2.864 10.17 54.74
2.841 10.14 54.75
2.819 10.12 54.76
2.797 10.09 54.76
2.775 10.06 54.77
2.752 10.04 54.78
2.73 10.01 54.78
2.708 9.988 54.79
2.685 9.962 54.79
2.663 9.936 54.8
2.641 9.91 54.8
2.619 9.885 54.81
2.596 9.859 54.81
2.574 9.833 54.82
2.552 9.807 54.82
2.529 9.781 54.82
2.507 9.755 54.83
2.485 9.729 54.83
2.462 9.704 54.84
2.44 9.678 54.84
2.417 9.652 54.84
2.395 9.626 54.84
2.373 9.6 54.85
2.35 9.574 54.85
2.328 9.548 54.85
2.306 9.521 54.86
2.283 9.495 54.86
2.261 9.469 54.86
2.239 9.443 54.86
2.216 9.417 54.86
2.194 9.391 54.86
2.171 9.365 54.87
2.149 9.338 54.87
2.127 9.312 54.87
2.104 9.286 54.87
2.082 9.26 54.87
2.059 9.234 54.87
2.037 9.207 54.87
2.014 9.181 54.87
1.992 9.155 54.87
1.97 9.128 54.87
1.947 9.102 54.87
1.925 9.076 54.87
1.902 9.049 54.87
1.88 9.023 54.87
1.857 8.996 54.87
1.835 8.97 54.87
1.813 8.943 54.86
1.79 8.917 54.86
1.768 8.89 54.86
1.745 8.864 54.86
1.723 8.837 54.86
1.7 8.811 54.85
1.678 8.784 54.85
1.655 8.758 54.85
1.633 8.731 54.85
